0.063214 0.000000 0.998000 0.063214 0.000000 0.998000 
-0.080653 -0.073885 0.994000 -0.080653 -0.073885 0.994000 
0.012333 0.140527 0.990000 0.012333 0.140527 0.990000 
0.101454 -0.132329 0.986000 0.101454 -0.132329 0.986000 
-0.185994 0.032900 0.982000 -0.185994 0.032900 0.982000 
0.176012 0.111964 0.978000 0.176012 0.111964 0.978000 
-0.058813 -0.218781 0.974000 -0.058813 -0.218781 0.974000 
-0.112048 0.215743 0.970000 -0.112048 0.215743 0.970000 
0.242854 -0.088690 0.966000 0.242854 -0.088690 0.966000 
-0.252392 -0.104184 0.962000 -0.252392 -0.104184 0.962000 
0.121546 0.259736 0.958000 0.121546 0.259736 0.958000 
0.089727 -0.286065 0.954000 0.089727 -0.286065 0.954000 
-0.270162 0.156565 0.950000 -0.270162 0.156565 0.950000 
0.316606 0.069605 0.946000 0.316606 0.069605 0.946000 
-0.193022 -0.274552 0.942000 -0.193022 -0.274552 0.942000 
-0.044546 0.343761 0.938000 -0.044546 0.343761 0.938000 
0.273189 -0.230243 0.934000 0.273189 -0.230243 0.934000 
-0.367246 -0.015186 0.930000 -0.367246 -0.015186 0.930000 
0.267600 0.266298 0.926000 0.267600 0.266298 0.926000 
-0.017886 -0.386777 0.922000 -0.017886 -0.386777 0.922000 
-0.254092 0.304488 0.918000 -0.254092 0.304488 0.918000 
0.402091 -0.054100 0.914000 0.402091 -0.054100 0.914000 
-0.340335 -0.236795 0.910000 -0.340335 -0.236795 0.910000 
0.092901 0.412957 0.906000 0.092901 0.412957 0.906000 
0.214649 -0.374595 0.902000 0.214649 -0.374595 0.902000 
-0.419180 0.133731 0.898000 -0.419180 0.133731 0.898000 
0.406751 0.187930 0.894000 0.406751 0.187930 0.894000 
-0.176027 -0.420612 0.890000 -0.176027 -0.420612 0.890000 
-0.156933 0.436321 0.886000 -0.156933 0.436321 0.886000 
0.417144 -0.219241 0.882000 0.417144 -0.219241 0.882000 
-0.462851 -0.122005 0.878000 -0.462851 -0.122005 0.878000 
0.262807 0.408726 0.874000 0.262807 0.408726 0.874000 
0.083513 -0.485928 0.870000 0.083513 -0.485928 0.870000 
-0.395344 0.306181 0.866000 -0.395344 0.306181 0.866000 
0.505178 0.041851 0.862000 0.505178 0.041851 0.862000 
-0.348809 -0.377052 0.858000 -0.348809 -0.377052 0.858000 
0.002538 0.520267 0.854000 0.002538 0.520267 0.854000 
0.353939 -0.390163 0.850000 0.353939 -0.390163 0.850000 
-0.530907 0.049208 0.846000 -0.530907 0.049208 0.846000 
0.429727 0.326145 0.842000 0.429727 0.326145 0.842000 
-0.097667 -0.536859 0.838000 -0.097667 -0.536859 0.838000 
-0.293873 0.466993 0.834000 -0.293873 0.466993 0.834000 
0.537928 -0.147422 0.830000 0.537928 -0.147422 0.830000 
-0.501491 -0.257353 0.826000 -0.501491 -0.257353 0.826000 
0.197966 0.533971 0.822000 0.197966 0.533971 0.822000 
0.216881 -0.532765 0.818000 0.216881 -0.532765 0.818000 
-0.524902 0.248761 0.814000 -0.524902 0.248761 0.814000 
0.560399 0.172779 0.810000 0.560399 0.172779 0.810000 
-0.299289 -0.510676 0.806000 -0.299289 -0.510676 0.806000 
-0.125407 0.584011 0.802000 -0.125407 0.584011 0.802000 
0.491314 -0.349008 0.798000 0.491314 -0.349008 0.798000 
-0.603251 -0.075182 0.794000 -0.603251 -0.075182 0.794000 
0.397396 0.466879 0.790000 0.397396 0.466879 0.790000 
0.022533 -0.617816 0.786000 0.022533 -0.617816 0.786000 
-0.437491 0.443935 0.782000 -0.437491 0.443935 0.782000 
0.627445 -0.032076 0.778000 0.627445 -0.032076 0.778000 
-0.488128 -0.403305 0.774000 -0.488128 -0.403305 0.774000 
0.088171 0.631922 0.770000 0.088171 0.631922 0.770000 
0.364564 -0.529469 0.766000 0.364564 -0.529469 0.766000 
-0.631085 0.145215 0.762000 -0.631085 0.145215 0.762000 
0.567503 0.321522 0.758000 0.567503 0.321522 0.758000 
-0.202698 -0.624818 0.754000 -0.202698 -0.624818 0.754000 
-0.274491 0.601793 0.750000 -0.274491 0.601793 0.750000 
0.613057 -0.260087 0.746000 0.613057 -0.260087 0.746000 
-0.631933 -0.223822 0.742000 -0.631933 -0.223822 0.742000 
0.316843 0.595791 0.738000 0.316843 0.595791 0.738000 
0.169895 -0.657556 0.734000 0.169895 -0.657556 0.734000 
-0.573052 0.372440 0.730000 -0.573052 0.372440 0.730000 
0.678320 0.113166 0.726000 0.678320 0.113166 0.726000 
-0.426315 -0.544951 0.722000 -0.426315 -0.544951 0.722000 
-0.054082 0.693939 0.718000 -0.054082 0.693939 0.718000 
0.511626 -0.477957 0.714000 0.511626 -0.477957 0.714000 
-0.704168 0.006869 0.710000 -0.704168 0.006869 0.710000 
0.526854 0.473275 0.706000 0.526854 0.473275 0.706000 
-0.069177 -0.708809 0.702000 -0.069177 -0.708809 0.702000 
-0.430141 0.572516 0.698000 -0.430141 0.572516 0.698000 
0.707710 -0.132327 0.694000 0.707710 -0.132327 0.694000 
-0.614483 -0.382505 0.690000 -0.614483 -0.382505 0.690000 
0.195741 0.700778 0.686000 0.195741 0.700778 0.686000 
0.330733 -0.652297 0.682000 0.330733 -0.652297 0.682000 
-0.687965 0.258882 0.678000 -0.687965 0.258882 0.678000 
0.685561 0.275191 0.674000 0.685561 0.275191 0.674000 
-0.321191 -0.669280 0.670000 -0.321191 -0.669280 0.670000 
-0.216299 0.713904 0.666000 -0.216299 0.713904 0.666000 
0.644784 -0.382112 0.662000 0.644784 -0.382112 0.662000 
-0.736996 -0.154510 0.658000 -0.736996 -0.154510 0.658000 
0.441108 0.614579 0.654000 0.441108 0.614579 0.654000 
0.090294 -0.754551 0.650000 0.090294 -0.754551 0.650000 
-0.578853 0.497607 0.646000 -0.578853 0.497607 0.646000 
0.766323 0.024198 0.642000 0.766323 0.024198 0.642000 
-0.551100 -0.537815 0.638000 -0.551100 -0.537815 0.638000 
0.043258 0.772122 0.634000 0.043258 0.772122 0.634000 
0.491731 -0.601083 0.630000 0.491731 -0.601083 0.630000 
-0.771808 0.111520 0.626000 -0.771808 0.111520 0.626000 
0.647076 0.440917 0.622000 0.647076 0.440917 0.622000 
-0.180021 -0.765290 0.618000 -0.180021 -0.765290 0.618000 
-0.385718 0.688640 0.614000 -0.385718 0.688640 0.614000 
0.752527 -0.248201 0.610000 0.752527 -0.248201 0.610000 
-0.725340 -0.326568 0.606000 -0.725340 -0.326568 0.606000 
0.315445 0.733546 0.602000 0.315445 0.733546 0.602000 
0.263893 -0.756807 0.598000 0.263893 -0.756807 0.598000 
-0.708418 0.381193 0.594000 -0.708418 0.381193 0.594000 
0.782705 0.198172 0.590000 0.782705 0.198172 0.590000 
-0.444874 -0.677267 0.586000 -0.444874 -0.677267 0.586000 
-0.129913 0.802744 0.582000 -0.129913 0.802744 0.582000 
0.640276 -0.505928 0.578000 0.640276 -0.505928 0.578000 
-0.816680 -0.059652 0.574000 -0.816680 -0.059652 0.574000 
0.563813 0.597675 0.570000 0.563813 0.597675 0.570000 
-0.012053 -0.824317 0.566000 -0.012053 -0.824317 0.566000 
-0.549748 0.618007 0.562000 -0.549748 0.618007 0.562000 
0.825515 -0.084624 0.558000 0.825515 -0.084624 0.558000 
-0.668041 -0.496795 0.554000 -0.668041 -0.496795 0.554000 
0.157510 0.820177 0.550000 0.157510 0.820177 0.550000 
0.439254 -0.713400 0.546000 0.439254 -0.713400 0.546000 
-0.808282 0.230035 0.542000 -0.808282 0.230035 0.542000 
0.753682 0.377517 0.538000 0.753682 0.377517 0.538000 
-0.301637 -0.789848 0.534000 -0.301637 -0.789848 0.534000 
-0.312043 0.788498 0.530000 -0.312043 0.788498 0.530000 
0.764951 -0.371717 0.526000 0.764951 -0.371717 0.526000 
-0.817501 -0.243329 0.522000 -0.817501 -0.243329 0.522000 
0.439683 0.733727 0.518000 0.439683 0.733727 0.518000 
0.171901 -0.840389 0.514000 0.171901 -0.840389 0.514000 
-0.696361 0.504957 0.510000 -0.696361 0.504957 0.510000 
0.856912 0.098316 0.506000 0.856912 0.098316 0.506000 
-0.566977 -0.653095 0.502000 -0.566977 -0.653095 0.502000 
-0.023152 0.866868 0.498000 -0.023152 0.866868 0.498000 
0.604221 -0.625204 0.494000 0.604221 -0.625204 0.494000 
-0.870110 0.052996 0.490000 -0.870110 0.052996 0.490000 
0.679127 0.550083 0.486000 0.679127 0.550083 0.486000 
-0.129516 -0.866546 0.482000 -0.129516 -0.866546 0.482000 
-0.491067 0.728264 0.478000 -0.491067 0.728264 0.478000 
0.856129 -0.205834 0.474000 0.856129 -0.205834 0.474000 
-0.772194 -0.427571 0.470000 -0.772194 -0.427571 0.470000 
0.281243 0.838896 0.466000 0.281243 0.838896 0.466000 
0.360139 -0.810467 0.462000 0.360139 -0.810467 0.462000 
-0.814918 0.355169 0.458000 -0.814918 0.355169 0.458000 
0.842746 0.289246 0.454000 0.842746 0.289246 0.454000 
-0.426999 -0.784329 0.450000 -0.426999 -0.784329 0.450000 
-0.215435 0.868718 0.446000 -0.215435 0.868718 0.446000 
0.747319 -0.496136 0.442000 0.747319 -0.496136 0.442000 
-0.888120 -0.139277 0.438000 -0.888120 -0.139277 0.438000 
0.561999 0.704131 0.434000 0.561999 0.704131 0.434000 
0.061365 -0.900741 0.430000 0.061365 -0.900741 0.430000 
-0.655064 0.624032 0.426000 -0.655064 0.624032 0.426000 
0.906423 -0.017687 0.422000 0.906423 -0.017687 0.422000 
-0.681703 -0.600464 0.418000 -0.681703 -0.600464 0.418000 
0.097253 0.905067 0.414000 0.097253 0.905067 0.414000 
0.540727 -0.734517 0.410000 0.540727 -0.734517 0.410000 
-0.896628 0.176698 0.406000 -0.896628 0.176698 0.406000 
0.782011 0.476293 0.402000 0.782011 0.476293 0.402000 
-0.255383 -0.881122 0.398000 -0.255383 -0.881122 0.398000 
-0.407605 0.823785 0.394000 -0.407605 0.823785 0.394000 
0.858604 -0.332714 0.390000 0.858604 -0.332714 0.390000 
-0.859421 -0.335260 0.386000 -0.859421 -0.335260 0.386000 
0.407978 0.829234 0.382000 0.407978 0.829234 0.382000 
0.259772 -0.888614 0.378000 0.259772 -0.888614 0.378000 
-0.793187 0.480601 0.374000 -0.793187 0.480601 0.374000 
0.911085 0.181726 0.370000 0.911085 0.181726 0.370000 
-0.549986 -0.750706 0.366000 -0.549986 -0.750706 0.366000 
-0.101725 0.926611 0.362000 -0.101725 0.926611 0.362000 
0.702088 -0.615556 0.358000 0.702088 -0.615556 0.358000 
-0.935023 -0.020397 0.354000 -0.935023 -0.020397 0.354000 
0.676764 0.647681 0.350000 0.676764 0.647681 0.350000 
-0.061618 -0.936209 0.346000 -0.061618 -0.936209 0.346000 
-0.587884 0.733095 0.342000 -0.587884 0.733095 0.342000 
0.930115 -0.143671 0.338000 0.930115 -0.143671 0.338000 
-0.784072 -0.523140 0.334000 -0.784072 -0.523140 0.334000 
0.225108 0.916748 0.330000 0.225108 0.916748 0.330000 
0.453935 -0.829257 0.326000 0.453935 -0.829257 0.326000 
-0.896170 0.305279 0.322000 -0.896170 0.305279 0.322000 
0.868257 0.380796 0.318000 0.868257 0.380796 0.318000 
-0.383580 -0.868487 0.314000 -0.383580 -0.868487 0.314000 
-0.304237 0.900744 0.310000 -0.304237 0.900744 0.310000 
0.833914 -0.459294 0.306000 0.833914 -0.459294 0.306000 
-0.926391 -0.224935 0.302000 -0.926391 -0.224935 0.302000 
0.531849 0.792674 0.298000 0.531849 0.792674 0.298000 
0.143463 -0.944977 0.294000 0.143463 -0.944977 0.294000 
-0.745060 0.600654 0.290000 -0.745060 0.600654 0.290000 
0.956321 0.060456 0.286000 0.956321 0.060456 0.286000 
-0.665144 -0.691419 0.282000 -0.665144 -0.691419 0.282000 
0.023436 0.960295 0.278000 0.023436 0.960295 0.278000 
0.632146 -0.724787 0.274000 0.632146 -0.724787 0.274000 
-0.956835 0.107551 0.270000 -0.956835 0.107551 0.270000 
0.779088 0.567685 0.266000 0.779088 0.567685 0.266000 
-0.191224 -0.945933 0.262000 -0.191224 -0.945933 0.262000 
-0.498524 0.827593 0.258000 -0.498524 0.827593 0.258000 
0.927644 -0.273791 0.254000 0.927644 -0.273791 0.254000 
-0.869893 -0.425189 0.250000 -0.869893 -0.425189 0.250000 
0.354594 0.902079 0.246000 0.354594 0.902079 0.246000 
0.348243 -0.905629 0.242000 0.348243 -0.905629 0.242000 
-0.869413 0.432986 0.238000 -0.869413 0.432986 0.238000 
0.934502 0.268235 0.234000 0.934502 0.268235 0.234000 
-0.508379 -0.829850 0.230000 -0.508379 -0.829850 0.230000 
-0.185873 0.956230 0.226000 -0.185873 0.956230 0.226000 
0.783721 -0.580084 0.222000 0.783721 -0.580084 0.222000 
-0.970629 -0.101757 0.218000 -0.970629 -0.101757 0.218000 
0.647561 0.731347 0.214000 0.647561 0.731347 0.214000 
0.016543 -0.977561 0.210000 0.016543 -0.977561 0.210000 
-0.673119 0.710264 0.206000 -0.673119 0.710264 0.206000 
0.976945 -0.069098 0.202000 0.976945 -0.069098 0.202000 
-0.767682 -0.609476 0.198000 -0.767682 -0.609476 0.198000 
0.154493 0.968760 0.194000 0.154493 0.968760 0.194000 
0.540902 -0.819344 0.190000 0.540902 -0.819344 0.190000 
-0.953047 0.238969 0.186000 -0.953047 0.238969 0.186000 
0.864825 0.467924 0.182000 0.864825 0.467924 0.182000 
-0.321854 -0.929906 0.178000 -0.321854 -0.929906 0.178000 
-0.391104 0.903749 0.174000 -0.391104 0.903749 0.174000 
0.899500 -0.402493 0.170000 0.899500 -0.402493 0.170000 
-0.935789 -0.311035 0.166000 -0.935789 -0.311035 0.166000 
0.480284 0.862023 0.162000 0.480284 0.862023 0.162000 
0.228340 -0.960675 0.158000 0.228340 -0.960675 0.158000 
-0.817795 0.554522 0.154000 -0.817795 0.554522 0.154000 
0.978193 0.143664 0.150000 0.978193 0.143664 0.150000 
-0.624658 -0.767129 0.146000 -0.624658 -0.767129 0.146000 
-0.057668 0.988185 0.142000 -0.057668 0.988185 0.142000 
0.710407 -0.690129 0.138000 0.710407 -0.690129 0.138000 
-0.990558 0.028974 0.134000 -0.990558 0.028974 0.134000 
0.750410 0.648062 0.130000 0.750411 0.648062 0.130000 
-0.115580 -0.985274 0.126000 -0.115580 -0.985274 0.126000 
-0.580573 0.805016 0.122000 -0.580573 0.805016 0.122000 
0.972361 -0.201471 0.118000 0.972361 -0.201471 0.118000 
-0.853505 -0.508462 0.114000 -0.853505 -0.508462 0.114000 
0.286060 0.951877 0.110000 0.286060 0.951877 0.110000 
0.432286 -0.895485 0.106000 0.432286 -0.895485 0.106000 
-0.924017 0.368495 0.102000 -0.924017 0.368495 0.102000 
0.930614 0.352637 0.098000 0.930614 0.352637 0.098000 
-0.448217 -0.888969 0.094000 -0.448217 -0.888969 0.094000 
-0.270137 0.958606 0.090000 -0.270137 0.958606 0.090000 
0.846996 -0.524597 0.086000 0.846996 -0.524597 0.086000 
-0.979230 -0.185428 0.082000 -0.979230 -0.185428 0.082000 
0.597027 0.798420 0.078000 0.597027 0.798420 0.078000 
0.099175 -0.992315 0.074000 0.099175 -0.992315 0.074000 
-0.743613 0.664936 0.070000 -0.743613 0.664936 0.070000 
0.997747 0.012053 0.066000 0.997747 0.012053 0.066000 
-0.727784 -0.682998 0.062000 -0.727784 -0.682998 0.062000 
0.075254 0.995476 0.058000 0.075254 0.995476 0.058000 
0.617047 -0.785071 0.054000 0.617047 -0.785071 0.054000 
-0.985513 0.162062 0.050000 -0.985513 0.162062 0.050000 
0.836344 0.546272 0.046000 0.836344 0.546272 0.046000 
-0.247687 -0.967929 0.042000 -0.247687 -0.967929 0.042000 
-0.471225 0.881194 0.038000 -0.471225 0.881194 0.038000 
0.942826 -0.331548 0.034000 0.942826 -0.331548 0.034000 
-0.919266 -0.392493 0.030000 -0.919266 -0.392493 0.030000 
0.412800 0.910450 0.026000 0.412800 0.910450 0.026000 
0.310692 -0.950256 0.022000 0.310692 -0.950256 0.022000 
-0.871031 0.490899 0.018000 -0.871031 0.490899 0.018000 
0.973919 0.226463 0.014000 0.973919 0.226463 0.014000 
-0.565229 -0.824873 0.010000 -0.565229 -0.824873 0.010000 
-0.140466 0.990067 0.006000 -0.140466 0.990067 0.006000 
0.772339 -0.635207 0.002000 0.772339 -0.635207 0.002000 
-0.998572 -0.053376 -0.002000 -0.998572 -0.053376 -0.002000 
0.700283 0.713841 -0.006000 0.700283 0.713841 -0.006000 
-0.034123 -0.999368 -0.010000 -0.034123 -0.999368 -0.010000 
-0.649836 0.759945 -0.014000 -0.649836 0.759945 -0.014000 
0.992447 -0.121344 -0.018000 0.992447 -0.121344 -0.018000 
-0.813728 -0.580830 -0.022000 -0.813728 -0.580830 -0.022000 
0.207604 0.977867 -0.026000 0.207604 0.977867 -0.026000 
0.507363 -0.861210 -0.030000 0.507363 -0.861210 -0.030000 
-0.955745 0.292225 -0.034000 -0.955745 0.292225 -0.034000 
0.902021 0.430016 -0.038000 0.902021 0.430016 -0.038000 
-0.374544 -0.926257 -0.042000 -0.374544 -0.926257 -0.042000 
-0.349396 0.935845 -0.046000 -0.349396 0.935845 -0.046000 
0.889596 -0.454003 -0.050000 0.889596 -0.454003 -0.050000 
-0.962421 -0.266139 -0.054000 -0.962421 -0.266139 -0.054000 
0.529804 0.846134 -0.058000 0.529804 0.846134 -0.058000 
0.180900 -0.981545 -0.062000 0.180900 -0.981545 -0.062000 
-0.796182 0.601446 -0.066000 -0.796182 0.601446 -0.066000 
0.993075 0.094350 -0.070000 0.993075 0.094350 -0.070000 
-0.668371 -0.740138 -0.074000 -0.668371 -0.740138 -0.074000 
-0.007169 0.996928 -0.078000 -0.007169 0.996928 -0.078000 
0.678449 -0.730057 -0.082000 0.678449 -0.730057 -0.082000 
-0.993081 0.079958 -0.086000 -0.993081 0.079958 -0.086000 
0.786027 0.611605 -0.090000 0.786027 0.611605 -0.090000 
-0.166348 -0.981577 -0.094000 -0.166348 -0.981577 -0.094000 
-0.540138 0.835851 -0.098000 -0.540138 0.835851 -0.098000 
0.962514 -0.251322 -0.102000 0.962514 -0.251322 -0.102000 
-0.879145 -0.464616 -0.106000 -0.879145 -0.464616 -0.106000 
0.334217 0.936055 -0.110000 0.334217 0.936055 -0.110000 
0.385638 -0.915581 -0.114000 0.385638 -0.915581 -0.114000 
-0.902419 0.414385 -0.118000 -0.902419 0.414386 -0.118000 
0.944883 0.303829 -0.122000 0.944883 0.303829 -0.122000 
-0.491285 -0.861837 -0.126000 -0.491285 -0.861837 -0.126000 
-0.219838 0.966836 -0.130000 -0.219838 0.966836 -0.130000 
0.814726 -0.564150 -0.134000 0.814726 -0.564150 -0.134000 
-0.981281 -0.134328 -0.138000 -0.981281 -0.134328 -0.138000 
0.632502 0.761431 -0.142000 0.632502 0.761431 -0.142000 
0.047973 -0.988121 -0.146000 0.047973 -0.988121 -0.146000 
-0.702383 0.695815 -0.150000 -0.702383 0.695815 -0.150000 
0.987319 -0.038546 -0.154000 0.987319 -0.038546 -0.154000 
-0.753602 -0.638059 -0.158000 -0.753602 -0.638059 -0.158000 
0.124549 0.978899 -0.162000 0.124549 0.978899 -0.162000 
0.568978 -0.805424 -0.166000 0.568978 -0.805424 -0.166000 
-0.962947 0.209362 -0.170000 -0.962947 0.209362 -0.170000 
0.850889 0.495694 -0.174000 0.850889 0.495694 -0.174000 
-0.292323 -0.939608 -0.178000 -0.292323 -0.939608 -0.178000 
-0.418794 0.889656 -0.182000 -0.418794 0.889656 -0.182000 
0.909086 -0.372783 -0.186000 0.909086 -0.372783 -0.186000 
-0.921440 -0.338894 -0.190000 -0.921440 -0.338894 -0.190000 
0.450119 0.871641 -0.194000 0.450119 0.871641 -0.194000 
0.256629 -0.946011 -0.198000 0.256629 -0.946011 -0.198000 
-0.827588 0.523731 -0.202000 -0.827588 0.523731 -0.202000 
0.963200 0.172654 -0.206000 0.963200 0.172654 -0.206000 
-0.593127 -0.777239 -0.210000 -0.593127 -0.777239 -0.210000 
-0.087635 0.972895 -0.214000 -0.087635 0.972895 -0.214000 
0.721116 -0.657623 -0.218000 0.721116 -0.657623 -0.218000 
-0.975044 -0.002244 -0.222000 -0.975044 -0.002244 -0.222000 
0.716805 0.659632 -0.226000 0.716805 0.659632 -0.226000 
-0.082846 -0.969658 -0.230000 -0.082846 -0.969658 -0.230000 
-0.593289 0.770229 -0.234000 -0.593289 0.770229 -0.234000 
0.956806 -0.166967 -0.238000 0.956806 -0.166967 -0.238000 
-0.817494 -0.522627 -0.242000 -0.817494 -0.522627 -0.242000 
0.249459 0.936619 -0.246000 0.249459 0.936619 -0.246000 
0.448220 -0.858253 -0.250000 0.448220 -0.858253 -0.250000 
-0.909283 0.329680 -0.254000 -0.909283 0.329680 -0.254000 
0.892211 0.370669 -0.258000 0.892211 0.370669 -0.258000 
-0.407007 -0.875044 -0.262000 -0.407007 -0.875044 -0.262000 
-0.290597 0.919129 -0.266000 -0.290597 0.919129 -0.266000 
0.834200 -0.480844 -0.270000 0.834200 -0.480844 -0.270000 
-0.938824 -0.208646 -0.274000 -0.938824 -0.208646 -0.274000 
0.550623 0.787103 -0.278000 0.550623 0.787103 -0.278000 
0.125472 -0.951174 -0.282000 0.125472 -0.951174 -0.282000 
-0.734092 0.615883 -0.286000 -0.734092 0.615883 -0.286000 
0.956116 0.041735 -0.290000 0.956116 0.041735 -0.290000 
-0.675986 -0.675727 -0.294000 -0.675986 -0.675727 -0.294000 
0.041902 0.953646 -0.298000 0.041902 0.953646 -0.298000 
0.612440 -0.730557 -0.302000 0.612440 -0.730557 -0.302000 
-0.943819 0.124778 -0.306000 -0.943819 0.124778 -0.306000 
0.779193 0.544756 -0.310000 0.779193 0.544756 -0.310000 
-0.206243 -0.926751 -0.314000 -0.206243 -0.926751 -0.314000 
-0.473232 0.821540 -0.318000 -0.473232 0.821540 -0.318000 
0.902615 -0.285661 -0.322000 0.902615 -0.285661 -0.322000 
-0.857297 -0.398453 -0.326000 -0.857297 -0.398453 -0.326000 
0.362416 0.871639 -0.330000 0.362416 0.871639 -0.330000 
0.321029 -0.886219 -0.334000 0.321029 -0.886219 -0.334000 
-0.834107 0.435915 -0.338000 -0.834107 0.435915 -0.338000 
0.908114 0.241587 -0.342000 0.908114 0.241587 -0.342000 
-0.505596 -0.790352 -0.346000 -0.505596 -0.790352 -0.346000 
-0.160768 0.922851 -0.350000 -0.160768 0.922851 -0.350000 
0.740759 -0.570929 -0.354000 0.740759 -0.570929 -0.354000 
-0.930355 -0.079219 -0.358000 -0.930355 -0.079219 -0.358000 
0.631423 0.685756 -0.362000 0.631423 0.685756 -0.362000 
-0.002409 -0.930612 -0.366000 -0.002409 -0.930612 -0.366000 
-0.625745 0.686690 -0.370000 -0.625745 0.686690 -0.370000 
0.923665 -0.083468 -0.374000 0.923665 -0.083468 -0.374000 
-0.736199 -0.561362 -0.378000 -0.736199 -0.561362 -0.378000 
0.163319 0.909617 -0.382000 0.163319 0.909617 -0.382000 
0.493086 -0.779660 -0.386000 0.493086 -0.779660 -0.386000 
-0.888626 0.241336 -0.390000 -0.888626 0.241336 -0.390000 
0.816770 0.421486 -0.394000 0.816770 0.421486 -0.394000 
-0.316912 -0.860908 -0.398000 -0.316912 -0.860908 -0.398000 
-0.347153 0.847278 -0.402000 -0.347153 0.847278 -0.402000 
0.826730 -0.389463 -0.406000 0.826730 -0.389463 -0.406000 
-0.870989 -0.270700 -0.410000 -0.870989 -0.270700 -0.410000 
0.458435 0.786411 -0.414000 0.458435 0.786411 -0.414000 
0.192748 -0.887764 -0.418000 0.192748 -0.887764 -0.418000 
-0.740317 0.523304 -0.422000 -0.740317 0.523304 -0.422000 
0.897521 0.113932 -0.426000 0.897521 0.113932 -0.426000 
-0.583585 -0.688861 -0.430000 -0.583585 -0.688861 -0.430000 
-0.034886 0.900237 -0.434000 -0.034886 0.900237 -0.434000 
0.632494 -0.638833 -0.438000 0.632494 -0.638833 -0.438000 
-0.895947 0.043757 -0.442000 -0.895947 0.043757 -0.442000 
0.688647 0.571707 -0.446000 0.688647 0.571707 -0.446000 
-0.121372 -0.884742 -0.450000 -0.121372 -0.884742 -0.450000 
-0.506952 0.732723 -0.454000 -0.506952 0.732723 -0.454000 
0.866770 -0.197348 -0.458000 0.866770 -0.197348 -0.458000 
-0.770655 -0.438916 -0.462000 -0.770655 -0.438916 -0.462000 
0.271089 0.842232 -0.466000 0.271089 0.842232 -0.466000 
0.368107 -0.802245 -0.470000 0.368107 -0.802245 -0.470000 
-0.811383 0.342025 -0.474000 -0.811383 0.342025 -0.474000 
0.827298 0.295117 -0.478000 0.827298 0.295117 -0.478000 
-0.409612 -0.774528 -0.482000 -0.409612 -0.774528 -0.482000 
-0.220554 0.845671 -0.486000 -0.220554 0.845671 -0.486000 
0.732018 -0.473339 -0.490000 0.732018 -0.473339 -0.490000 
-0.857281 -0.145030 -0.494000 -0.857281 -0.145030 -0.494000 
0.532728 0.684249 -0.498000 0.532728 0.684249 -0.498000 
0.069163 -0.862098 -0.502000 0.069163 -0.862098 -0.502000 
-0.631657 0.587344 -0.506000 -0.631657 0.587344 -0.506000 
0.860150 -0.006432 -0.510000 0.860150 -0.006432 -0.510000 
-0.636794 -0.574715 -0.514000 -0.636794 -0.574715 -0.514000 
0.081148 0.851523 -0.518000 0.081148 0.851523 -0.518000 
0.513926 -0.680732 -0.522000 0.513926 -0.680732 -0.522000 
-0.836354 0.154390 -0.526000 -0.836354 0.154390 -0.526000 
0.718902 0.449755 -0.530000 0.718902 0.449755 -0.530000 
-0.225579 -0.814836 -0.534000 -0.225579 -0.814836 -0.534000 
-0.382890 0.750967 -0.538000 -0.382890 0.750967 -0.538000 
0.787213 -0.294162 -0.542000 0.787213 -0.294162 -0.542000 
-0.776780 -0.313842 -0.546000 -0.776780 -0.313842 -0.546000 
0.359610 0.753777 -0.550000 0.359610 0.753777 -0.550000 
0.243194 -0.796204 -0.554000 0.243194 -0.796204 -0.554000 
-0.714868 0.421426 -0.558000 -0.714868 0.421426 -0.558000 
0.809153 0.171542 -0.562000 0.809153 0.171542 -0.562000 
-0.479148 -0.670866 -0.566000 -0.479148 -0.670866 -0.566000 
-0.099483 0.815600 -0.570000 -0.099483 0.815600 -0.570000 
0.622193 -0.532353 -0.574000 0.622193 -0.532353 -0.574000 
-0.815569 -0.027612 -0.578000 -0.815569 -0.027612 -0.578000 
0.580661 0.569305 -0.582000 0.580661 0.569305 -0.582000 
-0.043484 -0.809143 -0.586000 -0.043484 -0.809143 -0.586000 
-0.512690 0.623738 -0.590000 -0.512690 0.623738 -0.590000 
0.796456 -0.113231 -0.594000 0.796456 -0.113231 -0.594000 
-0.661296 -0.452861 -0.598000 -0.661296 -0.452861 -0.598000 
0.181071 0.777695 -0.602000 0.181071 0.777695 -0.602000 
0.390357 -0.693099 -0.606000 0.390357 -0.693099 -0.606000 
-0.753096 0.246469 -0.610000 -0.753096 0.246469 -0.610000 
0.718992 0.325660 -0.614000 0.718992 0.325660 -0.614000 
-0.308916 -0.722943 -0.618000 -0.308916 -0.722943 -0.618000 
-0.259474 0.738775 -0.622000 -0.259474 0.738775 -0.622000 
0.687566 -0.367936 -0.626000 0.687566 -0.367936 -0.626000 
-0.752408 -0.192306 -0.630000 -0.752408 -0.192306 -0.630000 
0.423084 0.647336 -0.634000 0.423084 0.647336 -0.634000 
0.124731 -0.759867 -0.638000 0.124731 -0.759867 -0.638000 
-0.602661 0.473958 -0.642000 -0.602661 0.473958 -0.642000 
0.761182 0.057322 -0.646000 0.761182 0.057322 -0.646000 
-0.520194 -0.553984 -0.650000 -0.520194 -0.553984 -0.650000 
0.009356 0.756437 -0.654000 0.009356 0.756437 -0.654000 
0.501779 -0.561475 -0.658000 0.501779 -0.561475 -0.658000 
-0.745767 0.074751 -0.662000 -0.745767 0.074751 -0.662000 
0.597531 0.446543 -0.666000 0.597531 0.446543 -0.666000 
-0.138260 -0.729373 -0.670000 -0.138260 -0.729373 -0.670000 
-0.388736 0.628179 -0.674000 -0.388736 0.628179 -0.674000 
0.707449 -0.199580 -0.678000 0.707449 -0.199580 -0.678000 
-0.653135 -0.329075 -0.682000 -0.653135 -0.329075 -0.682000 
0.257951 0.680342 -0.686000 0.257951 0.680342 -0.686000 
0.267861 -0.672422 -0.690000 0.267861 -0.672422 -0.690000 
-0.648289 0.313185 -0.694000 -0.648289 0.313185 -0.694000 
0.685858 0.205900 -0.698000 0.685858 0.205900 -0.698000 
-0.364725 -0.611695 -0.702000 -0.364725 -0.611695 -0.702000 
-0.143489 0.693524 -0.706000 -0.143489 0.693524 -0.706000 
0.571042 -0.412082 -0.710000 0.571042 -0.412082 -0.710000 
-0.695393 -0.081440 -0.714000 -0.695393 -0.081440 -0.714000 
0.455142 0.526614 -0.718000 0.455142 0.526614 -0.718000 
0.020030 -0.691603 -0.722000 0.020030 -0.691603 -0.722000 
-0.479041 0.493400 -0.726000 -0.479041 0.493400 -0.726000 
0.682279 -0.039947 -0.730000 0.682279 -0.039947 -0.730000 
-0.526802 -0.428629 -0.734000 -0.526802 -0.428629 -0.734000 
0.098246 0.667611 -0.738000 0.098246 0.667611 -0.738000 
0.376080 -0.554977 -0.742000 0.376080 -0.554977 -0.742000 
-0.647866 0.154121 -0.746000 -0.647866 0.154121 -0.746000 
0.577930 0.321709 -0.750000 0.577930 0.321709 -0.750000 
-0.207364 -0.623285 -0.754000 -0.207364 -0.623285 -0.754000 
-0.266263 0.595433 -0.758000 -0.266263 0.595433 -0.758000 
0.594264 -0.257307 -0.762000 0.594264 -0.257307 -0.762000 
-0.607553 -0.210055 -0.766000 -0.607553 -0.210055 -0.766000 
0.303789 0.561082 -0.770000 0.303789 0.561082 -0.770000 
0.153852 -0.614210 -0.774000 0.153852 -0.614210 -0.774000 
-0.524183 0.346336 -0.778000 -0.524183 0.346336 -0.778000 
0.615534 0.097951 -0.782000 0.615534 0.097951 -0.782000 
-0.384544 -0.484077 -0.786000 -0.384544 -0.484077 -0.786000 
-0.043110 0.611589 -0.790000 -0.043110 0.611589 -0.790000 
0.441086 -0.418339 -0.794000 0.441086 -0.418339 -0.794000 
-0.602568 0.010400 -0.798000 -0.602568 0.010400 -0.798000 
0.447325 0.395848 -0.802000 0.447325 0.395848 -0.802000 
-0.061857 -0.588675 -0.806000 -0.061857 -0.588675 -0.806000 
-0.348703 0.471493 -0.810000 -0.348703 0.471493 -0.810000 
0.570155 -0.111026 -0.814000 0.570155 -0.111026 -0.814000 
-0.490581 -0.300344 -0.818000 -0.490581 -0.300344 -0.818000 
0.157250 0.547347 -0.822000 0.157250 0.547347 -0.822000 
0.251113 -0.504645 -0.826000 0.251113 -0.504645 -0.826000 
-0.520543 0.200337 -0.830000 -0.520543 0.200337 -0.830000 
0.513564 0.201732 -0.834000 0.513564 0.201732 -0.834000 
-0.239716 -0.490196 -0.838000 -0.239716 -0.490196 -0.838000 
-0.152539 0.517463 -0.842000 -0.152539 0.517463 -0.842000 
0.456641 -0.275250 -0.846000 0.456641 -0.275250 -0.846000 
-0.516363 -0.104256 -0.850000 -0.516363 -0.104256 -0.850000 
0.306551 0.420370 -0.854000 0.306551 0.420370 -0.854000 
0.057203 -0.510455 -0.858000 0.057203 -0.510455 -0.858000 
-0.381925 0.333301 -0.862000 -0.381925 0.333301 -0.862000 
0.499898 0.012080 -0.866000 0.499898 0.012080 -0.866000 
-0.355457 -0.341687 -0.870000 -0.355457 -0.341687 -0.870000 
0.030820 0.484948 -0.874000 0.030820 0.484948 -0.874000 
0.300312 -0.372731 -0.878000 0.300312 -0.372731 -0.878000 
-0.465894 0.070844 -0.882000 -0.465894 0.070844 -0.882000 
0.385145 0.258201 -0.886000 0.385145 0.258201 -0.886000 
-0.107734 -0.443050 -0.890000 -0.107734 -0.443050 -0.890000 
-0.216051 0.392538 -0.894000 -0.216051 0.392538 -0.894000 
0.416825 -0.140899 -0.898000 0.416825 -0.140899 -0.898000 
-0.394999 -0.174276 -0.902000 -0.394999 -0.174276 -0.902000 
0.170119 0.387587 -0.906000 0.170119 0.387587 -0.906000 
0.133598 -0.392494 -0.910000 0.133598 -0.392494 -0.910000 
-0.355846 0.194879 -0.914000 -0.355846 0.194879 -0.914000 
0.385171 0.094442 -0.918000 0.385171 0.094442 -0.918000 
-0.214988 -0.322019 -0.922000 -0.214988 -0.322019 -0.922000 
-0.057541 0.373113 -0.926000 -0.057541 0.373113 -0.926000 
0.286659 -0.230058 -0.930000 0.286659 -0.230058 -0.930000 
-0.356509 -0.023344 -0.934000 -0.356509 -0.023344 -0.934000 
0.239740 0.250361 -0.938000 0.239740 0.250361 -0.938000 
-0.007400 -0.335531 -0.942000 -0.007400 -0.335531 -0.942000 
-0.213613 0.243831 -0.946000 -0.213613 0.243831 -0.946000 
0.310374 -0.034179 -0.950000 0.310374 -0.034179 -0.950000 
-0.241898 -0.177114 -0.954000 -0.241898 -0.177114 -0.954000 
0.056161 0.281215 -0.958000 0.056161 0.281215 -0.958000 
0.141407 -0.233581 -0.962000 0.141407 -0.233581 -0.962000 
-0.248131 0.072628 -0.966000 -0.248131 0.072628 -0.966000 
0.218165 0.107258 -0.970000 0.218165 0.107258 -0.970000 
-0.082384 -0.211038 -0.974000 -0.082384 -0.211038 -0.974000 
-0.075300 0.194540 -0.978000 -0.075300 0.194540 -0.978000 
0.169263 -0.083821 -0.982000 0.169263 -0.083821 -0.982000 
-0.160165 -0.046380 -0.986000 -0.160165 -0.046380 -0.986000 
0.073403 0.120466 -0.990000 0.073403 0.120466 -0.990000 
0.021113 -0.107323 -0.994000 0.021113 -0.107323 -0.994000 
-0.050896 0.037491 -0.998000 -0.050896 0.037491 -0.998000 
