0.587780 -0.425321 0.688189 
0.433897 -0.259887 0.862662 
0.990433 -0.137941 0.000002 
-0.262872 -0.951054 -0.162464
0.564248 -0.646584 0.513378  
-0.133068 -0.987682 -0.082232 
-0.386178 -0.891016 -0.238677 
-0.383614 -0.843900 -0.375036 
-0.564257 -0.646567 -0.513381 
0.259889 -0.862657 0.433878
0.358224 -0.131649 0.924311  
0.383620 -0.843907 0.375034 
0.346162 -0.783455 0.516116 
0.601494 -0.707096 0.371736 
0.915038 -0.403367 -0.000001 
0.425315 -0.688181 0.587773 
0.238669 0.386177 0.891017 
-0.082239 -0.133071 0.987687 
0.264082 0.916242 0.301260 
0.309026 0.499994 0.809018 
-0.843917 -0.375042 0.383605 
-0.646589 0.513376 -0.564260 
0.757924 0.453981 0.468430 
-0.924307 -0.358217 -0.131661 
-0.915049 -0.403356 -0.000010 
0.620230 -0.780201 0.081143 
0.519256 -0.840169 0.156440 
0.375029 -0.383610 0.843910 
0.371756 -0.601508 0.707095
0.213035 -0.792655 -0.571247
0.296004 0.702306 -0.647412
0.891013 0.238666 -0.386189 
0.453979 -0.468438 0.757938 
0.156444 -0.519248 0.840171 
0.162471 -0.262863 0.951062 
0.000012 -0.525733 0.850659 
-0.000010 -0.266402 0.963871 
0.309019 -0.500004 0.809022 
0.238679 -0.386196 0.891004 
0.237096 -0.606836 0.758654  
0.082244 -0.133063 0.987699 
0.516114 -0.346143 0.783462
0.273277 -0.000001 0.961933  
0.647406 -0.295999 0.702319 
0.646574 -0.513374 0.564265 
0.693776 -0.160625 0.702043 
0.809019 -0.309010 0.499989 
0.213017 0.792644 0.571240 
0.259893 0.862668 0.433899 
0.383616 0.843911 0.375040 
0.615630 -0.081098 0.783845 
0.571255 -0.213018 0.792649 
0.780204 -0.081136 0.620243 
0.987693 0.082231 0.133080 
1.000003 0.000010 -0.000009 
0.500010 -0.809023 0.309005 
0.606831 -0.758654 0.237081 
0.702313 -0.647412 0.295998 
0.702045 -0.693784 0.160620 
0.525730 -0.850649 -0.000010 
0.711283 -0.702898 -0.000008
0.702048 -0.693770 -0.160615  
0.792647 -0.571248 0.213023 
0.850641 -0.525733 0.000009
0.757924 -0.453988 0.468427  
0.783441 -0.516131 0.346161 
-0.425314 -0.688188 -0.587781 
0.386198 -0.891009 0.238683 
-0.990429 0.137960 -0.000001 
0.000002 0.850640 -0.525724 
0.132787 -0.966384 -0.220129 
0.000006 -0.990430 -0.137964 
-0.484433 -0.131211 -0.864928 
-0.454000 -0.468422 -0.757928 
-0.133081 -0.987687 0.082251 
-0.000006 -0.990432 0.137943 
-0.000005 -1.000006 0.000003 
0.266403 -0.963860 -0.000004 
0.133071 -0.987692 -0.082238 
0.399617 -0.912976 0.082319 
0.133062 -0.987689 0.082250 
0.262863 -0.951066 0.162449 
-0.156424 -0.519269 0.840167 
-0.082333 -0.399617 0.912986 
-0.951047 -0.162461 -0.262868 
-0.916246 -0.301249 -0.264081 
-0.966389 -0.220113 -0.132788 
-0.891009 -0.238684 -0.386190 
-0.987695 0.082238 -0.133079 
-0.963853 0.000001 -0.266415 
0.916253 -0.301270 0.264089 
0.758656 -0.237083 0.606837 
0.783849 -0.615650 0.081095 
0.296014 -0.702321 0.647414 
0.513382 -0.564261 0.646580 
0.468433 -0.757942 0.453997 

0.987696 -0.082231 0.133078 
0.862680 -0.433881 0.259887
0.220107 -0.132795 0.966389 
0.864940 -0.484437 0.131200 
0.951055 -0.162462 0.262861 
0.688202 -0.587779 0.425328 
0.961945 -0.273271 -0.000001 
0.912975 -0.082332 0.399613 
0.966393 -0.220129 0.132801 
0.843912 -0.375041 0.383613 
0.840176 -0.156442 0.519264 
0.924298 -0.358236 0.131656 
0.890995 -0.238666 0.386187 
-0.273265 0.000005 -0.961928 
0.132802 0.966390 0.220110 
0.500010 0.809010 0.309012 
-0.262870 0.951060 0.162453 
-0.519250 0.840168 0.156445 
-0.966385 -0.220117 0.132781 
-0.924304 -0.358236 0.131653 
-0.987694 -0.082237 0.133071 
-0.961940 -0.273273 -0.000003 
-0.990435 -0.137942 0.000001 
-0.951057 -0.162454 0.262857 
-0.916237 -0.301251 0.264094 
-0.912971 0.082313 0.399615 
-0.912974 -0.082312 0.399598 
-0.891008 0.238684 0.386192 
-0.963852 -0.000010 0.266396 
-0.951050 0.162471 0.262858 
-0.850660 -0.000006 0.525728 
-0.840181 0.156443 0.519252 
-0.780198 0.081142 0.620240 
-0.702909 -0.000006 0.711281 
-0.615631 -0.081092 0.783852 
-0.525728 0.000006 0.850650 
-0.162463 -0.262867 0.951057 
-0.862657 -0.433900 -0.259885 
-0.783443 -0.516111 -0.346151 
-0.792654 -0.571263 -0.213022
0.707106 -0.371743 0.601498  
-0.702313 -0.647416 -0.296003 
-0.864935 -0.484447 -0.131210
0.296011 0.702309 0.647411 
-0.783853 -0.615639 -0.081096
0.606815 -0.758642 -0.237080 
-0.601492 -0.707117 -0.371755 
-0.702042 -0.693769 -0.160616 
-0.850642 -0.525740 -0.000002 
-0.606822 -0.758655 -0.237078 
-0.620239 -0.780193 -0.081151 
-0.519258 -0.840176 -0.156428
0.137956 -0.000001 0.990442 
-0.840187 -0.156434 0.519259 
-0.891017 -0.238685 0.386187 
-0.809010 -0.309015 0.499995 
-0.693782 -0.160628 0.702042 
-0.266407 -0.963873 -0.000000 
-0.262874 -0.951060 0.162465 
-0.399603 -0.912988 -0.082325 
-0.525723 -0.850645 0.000006 
0.891014 0.238668 0.386196 
0.916237 0.301252 0.264086 
0.843920 0.375027 0.383611 
0.912971 0.082329 0.399605 
0.840173 0.156423 0.519268 
0.702319 0.647421 0.296010 
0.809029 0.309013 0.499997 
0.688200 0.587778 0.425327 
0.783440 0.516124 0.346160 
0.425326 0.688191 0.587777 
0.238672 -0.386184 -0.891009
0.564242 0.646576 0.513373  
0.371750 0.601502 0.707117 
-0.915045 0.403349 -0.000006 
0.646574 0.513369 0.564254  
0.453993 0.468425 0.757945 
-0.301248 -0.264073 -0.916242
0.301262 -0.264089 -0.916237
0.850662 0.000010 0.525736 
-0.961943 0.273265 -0.000011 
0.702905 0.000003 0.711281
-0.358219 -0.131666 -0.924304  
0.647414 0.296004 0.702310 
0.780198 0.081144 0.620237 
0.484443 -0.131206 0.864935 
0.615640 0.081086 0.783852 
0.525731 -0.000003 0.850651 
0.403363 -0.000005 0.915034 
0.081140 -0.620228 0.780209 
-0.081131 -0.620244 0.780204 
-0.160616 -0.702039 0.693790 
0.081098 -0.783845 0.615635
0.386184 0.891011 0.238677  
0.213025 -0.792656 0.571242 
0.160628 -0.702055 0.693791 
-0.000011 -0.711282 0.702900 
-0.081096 -0.783832 0.615652 
-0.132791 -0.966389 0.220113 
-0.000010 -0.915044 0.403364 
0.132782 -0.966405 0.220122 
-0.000002 -0.961941 0.273259
0.951067 0.162469 0.262871  
-0.000009 -0.850655 0.525739 
-0.131206 -0.864936 0.484438 
0.131652 -0.924314 0.358220 
-0.131665 -0.924296 0.358237 
0.131203 -0.864921 0.484445 
-0.371753 -0.601502 -0.707114 
-0.309026 -0.499998 -0.809011 
0.000004 -0.961945 -0.273271 
0.433899 -0.259883 -0.862662 
0.346148 0.783461 0.516114 
0.516126 -0.346161 -0.783446
-0.516114 0.346147 -0.783443 
0.375042 -0.383609 -0.843912 
0.601499 0.707114 0.371745  
0.758650 -0.237082 -0.606823 
0.840171 -0.156424 -0.519247 
-0.707096 0.371757 -0.601494 
-0.647405 0.296002 -0.702303 
-0.266405 0.963863 0.000002 
-0.987680 -0.082238 -0.133063 
0.468438 0.757946 0.453980  
-0.924300 0.358232 0.131652 
0.513385 0.564250 0.646581
-0.966395 0.220113 0.132787 
0.693793 0.160615 0.702040  
-0.433896 -0.259885 -0.862658 
0.758655 0.237080 0.606828 
-0.220112 -0.132795 -0.966402
0.707099 0.371746 0.601489  
-0.238669 -0.386189 -0.891008 
-0.516116 -0.346164 -0.783459 
-0.375030 -0.383602 -0.843907 
-0.840166 -0.156436 -0.519246 
-0.707109 -0.371749 -0.601501 
-0.688200 -0.587790 -0.425335
0.587776 0.425314 0.688196 
-0.757930 -0.453999 -0.468431 
-0.843922 -0.375046 -0.383615 
-0.646573 -0.513369 -0.564250 
-0.513382 -0.564254 -0.646582 
-0.587779 -0.425323 -0.688193 
-0.264094 -0.916246 0.301256 
-0.383616 -0.843922 0.375042
-0.238673 -0.386177 0.890999 
-0.346157 -0.783442 0.516118 
-0.453997 -0.468434 0.757935
-0.484445 -0.131190 0.864939   
-0.295999 -0.702312 0.647422 
-0.371756 -0.601498 0.707116 
-0.237097 -0.606824 0.758664 
-0.587788 0.425320 -0.688195 
-0.403356 0.000002 -0.915047 
-0.162469 0.262877 -0.951059 
-0.238682 0.386181 -0.890996 
-0.220119 0.132790 -0.966393 
0.000008 0.000012 1.000007 
0.000006 0.266407 0.963862 
0.162468 0.262875 0.951056 
0.082252 0.133066 0.987693 
0.160620 0.702054 0.693781 
0.237091 0.606833 0.758644 
0.081083 0.783842 0.615651 
0.000001 1.000004 0.000003 
0.000007 0.990451 0.137942 
0.000002 0.990434 -0.137962 
-0.133073 0.987697 0.082248 
-0.783451 0.516115 0.346161 
-0.688182 0.587775 0.425323 
-0.843913 0.375028 0.383625 
-0.862658 0.433892 0.259881 
-0.783840 -0.615639 0.081081 
-0.862663 -0.433898 0.259882 
-0.620231 -0.780214 0.081140 
-0.519251 -0.840173 0.156446
-0.912988 -0.082315 -0.399604 
-0.499994 -0.809014 0.309013 
-0.399606 -0.912985 0.082329 
-0.711291 -0.702914 -0.000008 
-0.386179 -0.890996 0.238688 
-0.758652 0.237090 0.606827 
-0.809024 0.309025 0.499996 
-0.780213 -0.081130 0.620246  
-0.375043 -0.383616 0.843912 
-0.309021 -0.499990 0.809020 
0.693789 -0.160614 -0.702039  
-0.358231 -0.131651 0.924305 
-0.213031 -0.792646 0.571257
-0.403357 -0.000002 0.915049 
-0.301253 -0.264085 0.916253 
-0.433886 -0.259892 0.862674
0.963866 -0.000004 0.266396  
-0.564249 -0.646574 0.513365 
-0.425324 -0.688179 0.587777 
-0.587791 -0.425326 0.688180 
-0.758655 -0.237098 0.606821 
-0.707096 -0.371744 0.601510 
-0.647402 -0.295994 0.702314 
-0.516119 -0.346157 0.783448 
-0.513373 -0.564263 0.646568 
-0.757930 -0.453995 0.468439 
-0.646572 -0.513379 0.564245 
-0.000002 0.915037 0.403355 
0.131201 0.864938 0.484450 
0.131652 0.924312 0.358231 
0.433883 0.259897 0.862673 
0.516129 0.346164 0.783462 
0.571243 0.213017 0.792638
-0.259893 -0.862678 0.433898 
0.484439 0.131192 0.864938 
0.375032 0.383614 0.843903 
0.301257 0.264080 0.916255 
0.358230 0.131655 0.924308 
-0.500003 -0.809026 -0.309023 
-0.468423 -0.757941 -0.453981 
0.131656 -0.924316 -0.358234 
-0.132801 -0.966396 -0.220123 
0.615638 -0.081089 -0.783845 
0.571253 -0.213019 -0.792642 
0.484434 -0.131200 -0.864917 
-0.571246 -0.213028 0.792648
0.647412 -0.296005 -0.702321 
0.220106 -0.132788 -0.966399 
0.137964 -0.000011 -0.990446 
0.273267 0.000002 -0.961949 
0.358217 -0.131658 -0.924293 
0.000005 -0.000007 -1.000004 
-0.137960 -0.000008 -0.990431 
0.082335 -0.399618 -0.912991 
-0.000008 -0.266411 -0.963858 
0.162463 -0.262874 -0.951059 
0.082245 -0.133082 -0.987700 
-0.082315 -0.399614 -0.912992 
-0.082239 -0.133075 -0.987680 
-0.162466 -0.262876 -0.951055 
0.000009 -0.525726 -0.850648 
-0.156438 -0.519250 -0.840176 
0.309006 -0.500000 -0.809022 
0.371754 -0.601511 -0.707103 
0.296014 -0.702309 -0.647402 
0.425313 -0.688186 -0.587783 
0.513366 -0.564262 -0.646567 
0.346157 -0.783463 -0.516128 
0.453983 -0.468430 -0.757945 
0.564265 -0.646576 -0.513372 
0.468436 -0.757937 -0.453981  
0.646574 -0.513380 -0.564244 
0.601492 -0.707106 -0.371741 
0.688193 -0.587783 -0.425320
-0.999996 0.000009 -0.000005 
0.587796 -0.425331 -0.688180 
0.383618 -0.843902 -0.375029 
0.259892 -0.862662 -0.433880 
0.499991 -0.809011 -0.309022 
0.757934 -0.453992 -0.468438  
0.702309 -0.647422 -0.296012 
0.707117 -0.371757 -0.601512 
0.783448 -0.516132 -0.346145 
0.386185 -0.890998 -0.238667
-0.264076 -0.916242 -0.301254 
0.264086 -0.916239 -0.301256 
0.843915 -0.375044 -0.383602 
0.519266 -0.840178 -0.156438 
0.792638 -0.571250 -0.213031 
0.809022 -0.309020 -0.499993 
0.862674 -0.433897 -0.259898 
0.262862 -0.951055 -0.162460 
0.620243 -0.780199 -0.081141 
0.399599 -0.912990 -0.082312 
0.916243 -0.301268 -0.264086 
0.924303 -0.358225 -0.131656 
0.891003 -0.238676 -0.386188 
0.783845 -0.615634 -0.081097 
0.864937 -0.484453 -0.131210 
0.966387 -0.220120 -0.132799 
0.702314 0.647420 -0.295995 
0.606835 0.758647 -0.237081 
0.519264 0.840173 -0.156431 
0.702037 0.693792 -0.160614 
0.792661 0.571249 -0.213022 
0.620230 0.780214 -0.081143 
0.399605 0.912975 -0.082324 
0.525742 0.850648 -0.000008 
0.783849 0.615649 -0.081091 
0.711280 0.702910 0.000006 
0.864926 0.484432 -0.131194 
0.620250 0.780202 0.081135 
0.399595 0.912993 0.082333 
0.266398 0.963852 0.000002 
0.133078 0.987684 -0.082242 
0.133075 0.987689 0.082254 
0.924312 0.358235 -0.131656 
0.783836 0.615631 0.081085 
0.850645 0.525721 -0.000004 
0.915042 0.403360 -0.000006 
0.519256 0.840171 0.156445 
0.702051 0.693776 0.160614 
0.606817 0.758660 0.237089 
0.262872 0.951066 0.162450 
0.924305 0.358218 0.131650 
0.864939 0.484448 0.131195 
0.862675 0.433900 0.259885 
0.792642 0.571261 0.213023 
-0.156446 0.519260 -0.840175 
-0.809017 -0.309027 -0.500004 
-0.647422 -0.295993 -0.702315 
-0.758647 -0.237086 -0.606823 
-0.571249 -0.213021 -0.792654 
-0.783840 0.615644 -0.081094 
-0.757944 0.453982 -0.468439 
-0.000001 0.961949 -0.273279 
-0.000004 0.915047 -0.403359 
-0.132799 0.966392 -0.220111 
-0.912977 0.082332 -0.399604 
-0.809025 0.309016 -0.500002
0.264075 -0.916247 0.301261  
-0.891012 0.238666 -0.386185 
-0.951060 0.162458 -0.262875 
-0.966399 0.220125 -0.132785 
-0.371741 0.601491 -0.707106 
-0.453995 0.468428 -0.757942 
-0.513373 0.564259 -0.646574 
-0.309008 0.499992 -0.809027 
-0.433890 0.259902 -0.862662 
-0.358228 0.131661 -0.924311 
-0.375039 0.383619 -0.843918
0.082315 -0.399596 0.912980 
-0.484434 0.131210 -0.864917  
-0.301264 0.264072 -0.916252 
-0.220113 0.132793 0.966390 
-0.082241 0.133068 0.987691 
-0.301262 0.264089 0.916248 
-0.358236 0.131645 0.924301 
-0.273275 0.000011 0.961940 
-0.137946 0.000007 0.990445 
-0.264079 0.916250 0.301258 
-0.131647 0.924300 0.358224 
-0.132803 0.966401 0.220105 
-0.386176 0.891018 0.238687 
-0.000001 0.961942 0.273278 
-0.131206 0.864921 0.484450 
-0.383620 0.843908 0.375029 
-0.601489 0.707110 0.371752 
0.082311 0.399618 0.912979 
0.000008 0.850656 0.525742 
0.156426 0.519266 0.840185 
-0.162458 0.262857 0.951065 
0.081147 0.620248 0.780196 
-0.220124 -0.132796 0.966403 
-0.571243 0.213014 0.792647 
-0.433883 0.259889 0.862680 
-0.484453 0.131193 0.864936 
-0.615647 0.081095 0.783838 
-0.693783 0.160620 0.702049 
-0.792640 0.571255 0.213031 
-0.850662 0.525724 -0.000007 
-0.864924 0.484447 0.131199 
-0.702314 0.647412 0.296013 
-0.783831 0.615645 0.081098 
-0.757942 0.453997 0.468433 
-0.916249 0.301258 0.264093 
-0.606836 0.758645 0.237080 
-0.987700 0.082232 0.133072 
-0.702317 -0.647401 0.295998 
-0.792646 -0.571247 0.213027 
-0.702046 -0.693781 0.160623 
-0.601491 -0.707096 0.371750 
-0.606816 -0.758646 0.237090 
-0.688195 -0.587775 0.425337 
-0.783455 -0.516116 0.346148 
-0.468435 -0.757944 0.453991 
-0.864938 -0.484441 0.131192 
-0.707115 0.371760 0.601495 
-0.516131 0.346156 0.783443 
-0.647400 0.295998 0.702304 
0.131200 -0.864932 -0.484451 
0.571256 0.213025 -0.792645 
0.615646 0.081078 -0.783840 
0.693784 0.160616 -0.702052 
0.702914 -0.000010 -0.711272 
0.647410 0.295997 -0.702321 
0.780210 0.081150 -0.620247 
0.758641 0.237080 -0.606825 
0.840167 0.156446 -0.519248 
0.850646 -0.000003 -0.525723 
0.809005 0.309020 -0.500005 
0.912994 0.082324 -0.399603 
0.780210 -0.081145 -0.620234 
 
0.916242 0.301253 -0.264090 
0.843923 0.375049 -0.383622 
0.862661 0.433899 -0.259891 
0.783463 0.516114 -0.346161
0.301248 -0.264088 0.916255 
0.162453 0.262856 -0.951045 
0.220116 0.132800 -0.966383 
0.000010 0.266402 -0.963852 
0.082252 0.133076 -0.987692 
-0.082252 0.133079 -0.987681 
-0.082329 0.399612 -0.912992 
0.081078 0.783844 -0.615643 
0.131196 0.864938 -0.484447 
-0.081131 -0.620248 -0.780205 
-0.237078 -0.606817 -0.758647 
-0.160618 -0.702058 -0.693786 
-0.000008 -0.711280 -0.702901 
0.081143 -0.620246 -0.780208 
-0.296013 -0.702320 -0.647411 
-0.346142 -0.783448 -0.516114 
0.081079 -0.783849 -0.615639 
0.160628 -0.702039 -0.693779 
0.237080 -0.606823 -0.758648 
0.156443 -0.519252 -0.840179 
0.156427 0.519259 -0.840175 
0.238666 0.386190 -0.890998 
0.081146 0.620240 -0.780204 
-0.160616 0.702035 -0.693776 
-0.081151 0.620233 -0.780203 
-0.237084 0.606833 -0.758658 
-0.081095 0.783835 -0.615647 
-0.000006 0.711279 -0.702901 
-0.840188 0.156445 -0.519266 
-0.758662 0.237087 -0.606817 
-0.850642 -0.000002 -0.525739 
-0.571248 0.213018 -0.792654 
-0.862667 0.433877 -0.259892 
-0.864918 0.484435 -0.131196 
-0.843920 0.375029 -0.383612 
-0.916243 0.301258 -0.264081 
-0.924296 0.358238 -0.131663 
-0.702299 0.647400 -0.296010 
-0.792660 0.571248 -0.213023 
-0.702047 0.693775 -0.160611 
-0.688199 0.587780 -0.425317 
-0.783455 0.516117 -0.346150 
-0.519270 0.840180 -0.156431 
-0.399603 0.912988 -0.082319 
-0.262864 0.951061 -0.162455 
-0.386177 0.891001 -0.238687 
-0.133080 0.987698 -0.082246 
-0.620246 0.780192 -0.081147 
-0.399618 0.912986 0.082331 
-0.525729 0.850648 -0.000004 
-0.620248 0.780200 0.081151 
-0.711279 0.702916 -0.000004 
-0.702052 0.693785 0.160624 
-0.259886 0.862665 -0.433899 
-0.264088 0.916245 -0.301260 
-0.131652 0.924316 -0.358223 
-0.213017 0.792641 -0.571246 
-0.131193 0.864931 -0.484449 
-0.295996 0.702315 -0.647410 
-0.606836 0.758657 -0.237092 
-0.468418 0.757925 -0.453998 
-0.383608 0.843910 -0.375038 
-0.346155 0.783441 -0.516110 
-0.425333 0.688185 -0.587794 
-0.564260 0.646573 -0.513378 
-0.601498 0.707104 -0.371748 
-0.499988 0.809023 -0.309014 
-0.468438 0.757923 0.453979 
-0.160625 0.702042 0.693773 
-0.081138 0.620228 0.780204 
-0.081080 0.783841 0.615647 
-0.213019 0.792638 0.571260 
-0.309020 0.499999 0.809023 
-0.082329 0.399598 0.912992 
-0.156431 0.519247 0.840173 
-0.238673 0.386178 0.891017 
-0.000008 0.525727 0.850662 
-0.237078 0.606816 0.758660 
-0.375037 0.383606 0.843922 
0.000005 0.711291 0.702906 
-0.513379 0.564247 0.646586 
-0.371738 0.601495 0.707115 
-0.454002 0.468424 0.757945 
-0.425321 0.688185 0.587786 
-0.564257 0.646568 0.513372 
-0.646576 0.513382 0.564264 
-0.587791 0.425326 0.688185 
-0.500010 0.809027 0.309008 
-0.346141 0.783459 0.516115 
-0.295993 0.702299 0.647422 
-0.259903 0.862677 0.433881 
-0.131192 -0.864929 -0.484448 
-0.081087 -0.783852 -0.615632 
-0.000000 -0.915048 -0.403361 
-0.000005 -0.850650 -0.525720 
-0.213027 -0.792661 -0.571250 
-0.131664 -0.924302 -0.358230 
-0.259888 -0.862675 -0.433889 
0.301251 0.264075 -0.916249 
0.358232 0.131664 -0.924295 
0.433881 0.259897 -0.862660 
0.484448 0.131206 -0.864927 
0.403346 -0.000010 -0.915046 
0.525740 0.000005 -0.850659 
0.912988 -0.082326 -0.399614 
0.963869 -0.000002 -0.266413 
0.951061 -0.162457 -0.262865 
0.987694 -0.082239 -0.133075 
0.987687 0.082241 -0.133073 
0.951061 0.162472 -0.262869 
0.966402 0.220125 -0.132801 
0.990436 0.137957 -0.000003 
0.961944 0.273259 0.000006 
0.966386 0.220108 0.132783 
0.646570 0.513367 -0.564256 
0.564251 0.646585 -0.513365 
0.346158 0.783453 -0.516132 
0.468431 0.757940 -0.453983 
0.688200 0.587775 -0.425328
0.220118 0.132793 0.966393  
0.213019 0.792655 -0.571244 
0.757923 0.453989 -0.468429 
0.259898 0.862678 -0.433880 
0.601503 0.707098 -0.371756 
0.383612 0.843923 -0.375027 
0.499996 0.809014 -0.309021 
0.264094 0.916234 -0.301267 
0.131657 0.924294 -0.358229 
0.386185 0.891008 -0.238685 
0.132791 0.966391 -0.220114 
0.262867 0.951049 -0.162464 
-0.702896 -0.000005 -0.711291 
-0.693775 -0.160629 -0.702052 
-0.525738 -0.000009 -0.850661 
-0.615632 -0.081087 -0.783838 
-0.780213 0.081135 -0.620236 
-0.615630 0.081079 -0.783838 
-0.780210 -0.081149 -0.620227 
-0.693778 0.160626 -0.702041 
0.375034 0.383623 -0.843903 
0.707117 0.371743 -0.601512 
0.082323 0.399601 -0.912994 
0.516128 0.346146 -0.783445 
0.587794 0.425314 -0.688182 
-0.000011 0.525743 -0.850658 
0.371752 0.601495 -0.707101 
0.453981 0.468434 -0.757933 
0.309014 0.500002 -0.809008
0.702313 -0.647412 0.295998  
0.237075 0.606818 -0.758641 
0.513377 0.564253 -0.646572 
0.160613 0.702043 -0.693788 
0.425325 0.688188 -0.587796 
