0.044710 0.000000 0.999000 
-0.057074 -0.052284 0.997000 
0.008732 0.099493 0.995000 
0.071865 -0.093736 0.993000 
-0.131816 0.023316 0.991000 
0.124804 0.079390 0.989000 
-0.041724 -0.155210 0.987000 
-0.079531 0.153133 0.985000 
0.172465 -0.062984 0.983000 
-0.179330 -0.074025 0.981000 
0.086405 0.184643 0.979000 
0.063819 -0.203465 0.977000 
-0.192254 0.111415 0.975000 
0.225422 0.049558 0.973000 
-0.137502 -0.195581 0.971000 
-0.031750 0.245012 0.969000 
0.194815 -0.164190 0.967000 
-0.262026 -0.010835 0.965000 
0.191030 0.190101 0.963000 
-0.012775 -0.276253 0.961000 
-0.181581 0.217595 0.959000 
0.287497 -0.038682 0.957000 
-0.243472 -0.169401 0.955000 
0.066496 0.295583 0.953000 
0.153723 -0.268269 0.951000 
-0.300361 0.095824 0.949000 
0.291613 0.134733 0.947000 
-0.126268 -0.301714 0.945000 
-0.112633 0.313153 0.943000 
0.299553 -0.157438 0.941000 
-0.332558 -0.087661 0.939000 
0.188930 0.293831 0.937000 
0.060070 -0.349523 0.935000 
-0.284525 0.220355 0.933000 
0.363773 0.030136 0.931000 
-0.251314 -0.271662 0.929000 
0.001829 0.375057 0.927000 
0.255295 -0.281424 0.925000 
-0.383158 0.035514 0.923000 
0.310311 0.235513 0.921000 
-0.070566 -0.387891 0.919000 
-0.212450 0.337604 0.917000 
0.389106 -0.106637 0.915000 
-0.362957 -0.186261 0.913000 
0.143361 0.386687 0.911000 
0.157149 -0.386035 0.909000 
-0.380557 0.180353 0.907000 
0.406529 0.125338 0.905000 
-0.217239 -0.370673 0.903000 
-0.091079 0.424150 0.901000 
0.357036 -0.253623 0.899000 
-0.438637 -0.054666 0.897000 
0.289126 0.339678 0.895000 
0.016404 -0.449758 0.893000 
-0.318673 0.323367 0.891000 
0.457310 -0.023378 0.889000 
-0.355982 -0.294122 0.887000 
0.064340 0.461124 0.885000 
0.266188 -0.386594 0.883000 
-0.461068 0.106093 0.881000 
0.414865 0.235044 0.879000 
-0.148269 -0.457042 0.877000 
-0.200907 0.440467 0.875000 
0.448986 -0.190480 0.873000 
-0.463094 -0.164022 0.871000 
0.232332 0.436876 0.869000 
0.124656 -0.482464 0.867000 
-0.420722 0.273437 0.865000 
0.498317 0.083136 0.863000 
-0.313380 -0.400589 0.861000 
-0.039780 0.510428 0.859000 
0.376564 -0.351782 0.857000 
-0.518603 0.005059 0.855000 
0.388261 0.348776 0.853000 
-0.051012 -0.522682 0.851000 
-0.317392 0.422447 0.849000 
0.522537 -0.097704 0.847000 
-0.453994 -0.282603 0.845000 
0.144711 0.518083 0.843000 
0.244668 -0.482552 0.841000 
-0.509268 0.191638 0.839000 
0.507818 0.203843 0.837000 
-0.238072 -0.496081 0.835000 
-0.160429 0.529503 0.833000 
0.478551 -0.283599 0.831000 
-0.547349 -0.114751 0.829000 
0.327817 0.456735 0.827000 
0.067148 -0.561129 0.825000 
-0.430757 0.370297 0.823000 
0.570644 0.018019 0.821000 
-0.410653 -0.400753 0.819000 
0.032255 0.575735 0.817000 
0.366908 -0.448502 0.815000 
-0.576279 0.083268 0.813000 
0.483475 0.329440 0.811000 
-0.134598 -0.572191 0.809000 
-0.288591 0.515234 0.807000 
0.563420 -0.185829 0.805000 
-0.543440 -0.244672 0.803000 
0.236502 0.549969 0.801000 
0.197989 -0.567802 0.799000 
-0.531869 0.286194 0.797000 
0.588054 0.148889 0.795000 
-0.334473 -0.509195 0.793000 
-0.097742 0.603958 0.791000 
0.482063 -0.380913 0.789000 
-0.615314 -0.044943 0.787000 
0.425098 0.450629 0.785000 
-0.009094 -0.621955 0.783000 
-0.415088 0.466627 0.781000 
0.623755 -0.063941 0.779000 
-0.505134 -0.375647 0.777000 
0.119187 0.620620 0.775000 
0.332622 -0.540217 0.773000 
-0.612513 0.174320 0.771000 
0.571556 0.286291 0.769000 
-0.228916 -0.599424 0.767000 
-0.236988 0.598842 0.765000 
0.581390 -0.282518 0.763000 
-0.621792 -0.185076 0.761000 
0.334674 0.558491 0.759000 
0.130945 -0.640160 0.757000 
-0.530847 0.384937 0.755000 
0.653732 0.075005 0.753000 
-0.432871 -0.498620 0.751000 
-0.017689 0.662334 0.749000 
0.462011 -0.478055 0.747000 
-0.665831 0.040554 0.745000 
0.520086 0.421262 0.743000 
-0.099262 -0.664128 0.741000 
-0.376650 0.558582 0.739000 
0.657166 -0.157998 0.737000 
-0.593202 -0.328461 0.735000 
0.216222 0.644949 0.733000 
0.277096 -0.623584 0.731000 
-0.627506 0.273488 0.729000 
0.649450 0.222903 0.727000 
-0.329323 -0.604914 0.725000 
-0.166288 0.670537 0.723000 
0.577296 -0.383260 0.721000 
-0.686618 -0.107677 0.719000 
0.434842 0.544815 0.717000 
0.047519 -0.697508 0.715000 
-0.507677 0.483627 0.713000 
0.703058 -0.013718 0.711000 
-0.529192 -0.466127 0.709000 
0.075558 0.703166 0.707000 
0.420451 -0.571136 0.705000 
-0.697769 0.137509 0.703000 
0.609082 0.370969 0.701000 
-0.199077 -0.686853 0.699000 
-0.318005 0.642700 0.697000 
0.670433 -0.259797 0.695000 
-0.671642 -0.262007 0.693000 
0.319110 0.648605 0.691000 
0.203361 -0.695646 0.689000 
-0.621477 0.376560 0.687000 
0.714469 0.142508 0.685000 
-0.431671 -0.589212 0.683000 
-0.079911 0.727910 0.681000 
0.552016 -0.483980 0.679000 
-0.735808 -0.016051 0.677000 
0.533044 0.510137 0.675000 
-0.048575 -0.738046 0.673000 
-0.463861 0.578439 0.671000 
0.734551 -0.113463 0.669000 
-0.619770 -0.413516 0.667000 
0.178098 0.725297 0.665000 
0.359462 -0.656672 0.663000 
-0.710304 0.241964 0.661000 
0.688809 0.302094 0.659000 
-0.304582 -0.689623 0.657000 
-0.241802 0.715896 0.655000 
0.663393 -0.365377 0.653000 
-0.737645 -0.179106 0.651000 
0.423884 0.631761 0.649000 
0.114447 -0.753852 0.647000 
-0.594928 0.479620 0.645000 
0.764340 0.048319 0.643000 
-0.532121 -0.553142 0.641000 
0.018767 0.768978 0.639000 
0.506690 -0.580945 0.637000 
-0.767678 0.086289 0.635000 
0.625673 0.455899 0.633000 
-0.153718 -0.760401 0.631000 
-0.401136 0.665920 0.629000 
0.747156 -0.220520 0.627000 
-0.701330 -0.342798 0.625000 
0.286165 0.727998 0.623000 
0.281318 -0.731587 0.621000 
-0.703030 0.350124 0.619000 
0.756420 0.217119 0.617000 
-0.411914 -0.672385 0.615000 
-0.150756 0.775567 0.613000 
0.636295 -0.470964 0.611000 
-0.788847 -0.082700 0.609000 
0.526823 0.594987 0.607000 
0.013473 -0.796111 0.605000 
-0.548744 0.579026 0.603000 
0.797257 -0.056389 0.601000 
-0.627136 -0.497894 0.599000 
0.126341 0.792230 0.597000 
0.442803 -0.670746 0.595000 
-0.781025 0.195836 0.593000 
0.709479 0.383872 0.591000 
-0.264322 -0.763684 0.589000 
-0.321537 0.742997 0.587000 
0.740300 -0.331257 0.585000 
-0.771000 -0.256263 0.583000 
0.396137 0.710995 0.581000 
0.188540 -0.793229 0.579000 
-0.675994 0.458371 0.577000 
0.809470 0.118884 0.575000 
-0.517487 -0.635514 0.573000 
-0.047827 0.819556 0.571000 
0.589837 -0.573002 0.569000 
-0.823366 0.024083 0.567000 
0.624456 0.539286 0.565000 
-0.096290 -0.820828 0.563000 
-0.484225 0.671420 0.561000 
0.811922 -0.168229 0.559000 
-0.713498 -0.425055 0.557000 
0.239412 0.796654 0.555000 
0.362213 -0.750328 0.553000 
-0.775140 0.309123 0.551000 
0.781591 0.296168 0.549000 
-0.376886 -0.747494 0.547000 
-0.227415 0.807005 0.545000 
0.713895 -0.442159 0.543000 
-0.826338 -0.156476 0.541000 
0.504416 0.674569 0.539000 
0.083893 -0.839400 0.537000 
-0.629788 0.563154 0.535000 
0.846053 0.010221 0.533000 
-0.617892 -0.579869 0.531000 
0.063970 0.846207 0.529000 
0.525173 -0.668180 0.527000 
-0.839823 0.138104 0.525000 
0.713598 0.466099 0.523000 
-0.211602 -0.826912 0.521000 
-0.403082 0.753766 0.519000 
0.807512 -0.283964 0.517000 
-0.788340 -0.336593 0.515000 
0.354463 0.781785 0.513000 
0.267129 -0.817020 0.511000 
-0.749876 0.422618 0.509000 
0.839548 0.195218 0.507000 
-0.487885 -0.712000 0.505000 
-0.121405 0.855717 0.503000 
0.668420 -0.549739 0.501000 
-0.865367 -0.046256 0.499000 
0.607681 0.619447 0.497000 
-0.029650 -0.868387 0.495000 
-0.565432 0.661240 0.493000 
0.864720 -0.105727 0.491000 
-0.709973 -0.506771 0.489000 
0.181383 0.854360 0.487000 
0.443896 -0.753479 0.485000 
-0.837354 0.256026 0.483000 
0.791392 0.377276 0.481000 
-0.329071 -0.813801 0.479000 
-0.307411 0.823389 0.477000 
0.783813 -0.400016 0.475000 
-0.849192 -0.234828 0.473000 
0.468146 0.747662 0.471000 
0.160079 -0.868570 0.469000 
-0.705568 0.532995 0.467000 
0.881342 0.083734 0.465000 
-0.594045 -0.657831 0.463000 
-0.006381 0.887377 0.461000 
0.604796 -0.650801 0.459000 
-0.886598 0.071385 0.457000 
0.702803 0.546848 0.455000 
-0.148960 -0.878978 0.453000 
-0.484418 0.749625 0.451000 
0.864546 -0.225742 0.449000 
-0.790881 -0.417970 0.447000 
0.301129 0.843384 0.445000 
0.348001 -0.826224 0.443000 
-0.815626 0.374531 0.441000 
0.855354 0.275041 0.439000 
-0.445442 -0.781417 0.437000 
-0.199643 0.878019 0.435000 
0.741073 -0.513149 0.433000 
-0.894014 -0.122382 0.431000 
0.577191 0.694845 0.429000 
0.043850 -0.903188 0.427000 
-0.643068 0.637054 0.425000 
0.905440 -0.035349 0.423000 
-0.692258 -0.586121 0.421000 
0.114602 0.900725 0.419000 
0.524424 -0.742355 0.417000 
-0.889051 0.193296 0.415000 
0.786935 0.458437 0.413000 
-0.270816 -0.870481 0.411000 
-0.388655 0.825631 0.409000 
0.845132 -0.346558 0.407000 
-0.858119 -0.315605 0.405000 
0.419927 0.813174 0.403000 
0.239840 -0.884124 0.401000 
-0.774830 0.490344 0.399000 
0.903420 0.161938 0.397000 
-0.557322 -0.730320 0.395000 
-0.082495 0.915831 0.393000 
0.680065 -0.620186 0.391000 
-0.921235 -0.002120 0.389000 
0.678506 0.624388 0.387000 
-0.078567 -0.919566 0.385000 
-0.563700 0.731815 0.383000 
0.910811 -0.158940 0.381000 
-0.779682 -0.498453 0.379000 
0.238378 0.895012 0.377000 
0.429138 -0.821715 0.375000 
-0.872268 0.316259 0.373000 
0.857570 0.356277 0.371000 
-0.391977 -0.842730 0.369000 
-0.280422 0.886947 0.367000 
0.806603 -0.464937 0.365000 
-0.909597 -0.202151 0.363000 
0.534564 0.764147 0.361000 
0.122062 -0.925322 0.359000 
-0.715610 0.600377 0.357000 
0.933977 0.040768 0.355000 
-0.661712 -0.661459 0.353000 
0.041103 0.935473 0.351000 
0.602042 -0.718153 0.349000 
-0.929775 0.122921 0.347000 
0.769248 0.537803 0.345000 
-0.204052 -0.916905 0.343000 
-0.469225 0.814584 0.341000 
0.896939 -0.283865 0.339000 
-0.853792 -0.396824 0.337000 
0.361739 0.870011 0.335000 
0.321150 -0.886552 0.333000 
-0.836309 0.437066 0.331000 
0.912589 0.242778 0.329000 
-0.509255 -0.796072 0.327000 
-0.162306 0.931682 0.325000 
0.749593 -0.577738 0.323000 
-0.943664 -0.080352 0.321000 
0.641974 0.697215 0.319000 
-0.002455 -0.948422 0.317000 
-0.639257 0.701517 0.315000 
0.945899 -0.085477 0.313000 
-0.755764 -0.576281 0.311000 
0.168073 0.936093 0.309000 
0.508700 -0.804348 0.307000 
-0.919061 0.249602 0.305000 
0.846878 0.437023 0.303000 
-0.329431 -0.894916 0.301000 
-0.361793 0.883009 0.299000 
0.863824 -0.406938 0.297000 
-0.912445 -0.283584 0.295000 
0.481519 0.826009 0.293000 
0.202991 -0.934940 0.291000 
-0.781745 0.552588 0.289000 
0.950305 0.120633 0.287000 
-0.619588 -0.731359 0.285000 
-0.037140 0.958401 0.283000 
0.675224 -0.681991 0.281000 
-0.959148 0.046843 0.279000 
0.739303 0.613761 0.277000 
-0.130670 -0.952523 0.275000 
-0.547356 0.791121 0.273000 
0.938560 -0.213693 0.271000 
-0.836921 -0.476657 0.269000 
0.295267 0.917349 0.267000 
0.402130 -0.876394 0.265000 
-0.889037 0.374759 0.263000 
0.909220 0.324341 0.261000 
-0.451550 -0.853828 0.259000 
-0.243885 0.935132 0.257000 
0.811977 -0.525042 0.255000 
-0.953912 -0.161377 0.253000 
0.594658 0.763794 0.251000 
0.077451 -0.965402 0.249000 
-0.709637 0.659853 0.247000 
0.969496 -0.007250 0.245000 
-0.720114 -0.649912 0.243000 
0.092072 0.966148 0.241000 
0.585070 -0.774966 0.239000 
-0.955368 0.176360 0.237000 
0.824023 0.515520 0.235000 
-0.259462 -0.937225 0.233000 
-0.441944 0.866790 0.231000 
0.911844 -0.340734 0.229000 
-0.902979 -0.364829 0.227000 
0.419545 0.879407 0.225000 
0.284763 -0.932299 0.223000 
-0.840151 0.495283 0.221000 
0.954510 0.202358 0.219000 
-0.567355 -0.794367 0.217000 
-0.118247 0.969429 0.215000 
0.742396 -0.635200 0.213000 
-0.976926 -0.033075 0.211000 
0.698285 0.684629 0.209000 
-0.052501 -0.976931 0.207000 
-0.621500 0.756117 0.205000 
0.969431 -0.137823 0.203000 
-0.808238 -0.553489 0.201000 
0.222230 0.954470 0.199000 
0.481111 -0.854238 0.197000 
-0.932152 0.305070 0.195000 
0.893790 0.404833 0.193000 
-0.385700 -0.902637 0.191000 
-0.325405 0.926494 0.189000 
0.866142 -0.463497 0.187000 
-0.952131 -0.243353 0.185000 
0.537853 0.822937 0.183000 
0.159306 -0.970495 0.181000 
-0.773345 0.608191 0.179000 
0.981432 0.073909 0.177000 
-0.673961 -0.717740 0.175000 
0.012181 0.984846 0.173000 
0.656542 -0.734651 0.171000 
-0.980702 0.098300 0.169000 
0.789783 0.590215 0.167000 
-0.183691 -0.969037 0.165000 
-0.519183 0.838975 0.163000 
0.949879 -0.267972 0.161000 
-0.881691 -0.444230 0.159000 
0.350126 0.923452 0.157000 
0.365598 -0.917776 0.155000 
-0.889832 0.429873 0.153000 
0.946789 0.284234 0.151000 
-0.506411 -0.849322 0.149000 
-0.200406 0.968622 0.147000 
0.802336 -0.578992 0.145000 
-0.983004 -0.115123 0.143000 
0.647366 0.749024 0.141000 
0.028669 -0.989877 0.139000 
-0.690022 0.710704 0.137000 
0.989152 -0.057915 0.135000 
-0.768789 -0.625520 0.133000 
0.144338 0.980819 0.131000 
0.556292 -0.820913 0.129000 
-0.964974 0.229557 0.127000 
0.866896 0.482563 0.125000 
-0.313286 -0.941659 0.123000 
-0.405220 0.906177 0.121000 
0.911152 -0.394514 0.119000 
-0.938616 -0.324516 0.117000 
0.472966 0.873543 0.115000 
0.241424 -0.963818 0.113000 
-0.829179 0.547852 0.111000 
0.981690 0.156218 0.109000 
-0.618440 -0.778513 0.107000 
-0.069925 0.992011 0.105000 
0.721709 -0.684491 0.103000 
-0.994738 0.017168 0.101000 
0.745203 0.659447 0.099000 
-0.104010 -0.989835 0.097000 
-0.591931 0.800370 0.095000 
0.977309 -0.190311 0.093000 
-0.849322 -0.519972 0.091000 
0.275029 0.957308 0.089000 
0.443807 -0.891889 0.087000 
-0.929891 0.357879 0.085000 
0.927555 0.364351 0.083000 
-0.437862 -0.895386 0.081000 
-0.281869 0.956195 0.079000 
0.853902 -0.514707 0.077000 
-0.977459 -0.197353 0.075000 
0.587639 0.805823 0.073000 
0.111085 -0.991271 0.071000 
-0.751643 0.655951 0.069000 
0.997462 0.024104 0.067000 
-0.719409 -0.691539 0.065000 
0.063300 0.996004 0.063000 
0.626233 -0.777246 0.061000 
-0.986913 0.150071 0.059000 
0.829266 0.555940 0.057000 
-0.235921 -0.970215 0.055000 
-0.481506 0.874839 0.053000 
0.946107 -0.319812 0.051000 
-0.913809 -0.403178 0.049000 
0.401464 0.914668 0.047000 
0.321900 -0.945704 0.045000 
-0.876274 0.479891 0.043000 
0.970414 0.237941 0.041000 
-0.554829 -0.831050 0.039000 
-0.152314 0.987639 0.037000 
0.779420 -0.625523 0.035000 
-0.997320 -0.065304 0.033000 
0.691288 0.721914 0.031000 
-0.022040 -0.999336 0.029000 
-0.658721 0.751903 0.027000 
0.993681 -0.109426 0.025000 
-0.806634 -0.590603 0.023000 
0.195799 0.980419 0.021000 
0.517787 -0.855298 0.019000 
-0.959595 0.280872 0.017000 
0.897308 0.441150 0.015000 
-0.363618 -0.931457 0.013000 
-0.360946 0.932522 0.011000 
0.896100 -0.443760 0.009000 
-0.960514 -0.278145 0.007000 
0.520332 0.853949 0.005000 
0.193020 -0.981190 0.003000 
-0.805145 0.593078 0.001000 
0.994301 0.106600 -0.001000 
-0.661119 -0.750275 -0.003000 
-0.019173 0.999804 -0.005000 
0.689524 -0.724229 -0.007000 
-0.997631 0.068206 -0.009000 
0.781767 0.623473 -0.011000 
-0.155247 -0.987790 -0.013000 
-0.552795 0.833182 -0.015000 
0.970401 -0.240899 -0.017000 
-0.878304 -0.477724 -0.019000 
0.324876 0.945524 -0.021000 
0.399167 -0.916590 -0.023000 
-0.913457 0.406166 -0.025000 
0.947912 0.317387 -0.027000 
-0.484498 -0.874312 -0.029000 
-0.233370 0.971894 -0.031000 
0.828560 -0.558927 -0.033000 
-0.988458 -0.147399 -0.035000 
0.629207 0.776357 -0.037000 
0.060509 -0.997405 -0.039000 
-0.718333 0.694491 -0.041000 
0.998710 -0.027008 -0.043000 
-0.754562 -0.654684 -0.045000 
0.114097 0.992357 -0.047000 
0.586025 -0.808810 -0.049000 
-0.978372 0.200468 -0.051000 
0.856720 0.513052 -0.053000 
-0.285078 -0.956925 -0.055000 
-0.436010 0.898135 -0.057000 
0.928092 -0.367647 -0.059000 
-0.932558 -0.355830 -0.061000 
0.447179 0.892223 -0.063000 
0.272781 -0.959878 -0.065000 
-0.849442 0.523411 -0.067000 
0.979768 0.187867 -0.069000 
-0.595424 -0.800268 -0.071000 
-0.101371 0.992167 -0.073000 
0.744869 -0.662982 -0.075000 
-0.996928 -0.014338 -0.077000 
0.725270 0.683917 -0.079000 
-0.072941 -0.994042 -0.081000 
-0.617618 0.782086 -0.083000 
0.983546 -0.159415 -0.085000 
-0.832852 -0.546615 -0.087000 
0.244794 0.965482 -0.089000 
0.471629 -0.877089 -0.091000 
-0.940072 0.328049 -0.093000 
0.914656 0.392912 -0.095000 
-0.408906 -0.907407 -0.097000 
-0.311416 0.945103 -0.099000 
0.867885 -0.486389 -0.101000 
-0.968335 -0.227416 -0.103000 
0.560244 0.821646 -0.105000 
0.141926 -0.984077 -0.107000 
-0.769250 0.629581 -0.109000 
0.992284 0.055235 -0.111000 
-0.694176 -0.710880 -0.113000 
0.031614 0.992862 -0.115000 
0.647244 -0.753251 -0.117000 
-0.985818 0.118328 -0.119000 
0.806616 0.578559 -0.121000 
-0.203863 -0.971242 -0.123000 
-0.505494 0.853728 -0.125000 
0.949192 -0.287934 -0.127000 
-0.894147 -0.428789 -0.129000 
0.369529 0.919939 -0.131000 
0.348706 -0.927748 -0.133000 
-0.883591 0.448378 -0.135000 
0.954129 0.266211 -0.137000 
-0.523533 -0.840591 -0.139000 
-0.181584 0.973214 -0.141000 
0.791092 -0.594747 -0.143000 
-0.984778 -0.095848 -0.145000 
0.661166 0.735697 -0.147000 
0.009291 -0.988793 -0.149000 
-0.674600 0.722574 -0.151000 
0.985218 -0.077044 -0.153000 
-0.778236 -0.608543 -0.155000 
0.162868 0.974077 -0.157000 
0.537753 -0.827974 -0.159000 
-0.955509 0.247146 -0.161000 
0.871194 0.463089 -0.163000 
-0.329600 -0.929591 -0.165000 
-0.384807 0.907763 -0.167000 
0.896641 -0.409237 -0.169000 
-0.937305 -0.303675 -0.171000 
0.485795 0.856781 -0.173000 
0.220507 -0.959558 -0.175000 
-0.810501 0.558355 -0.177000 
0.974462 0.135584 -0.179000 
-0.626681 -0.757965 -0.181000 
-0.049934 0.981844 -0.183000 
0.699814 -0.689954 -0.185000 
-0.981694 0.036158 -0.187000 
0.747972 0.636253 -0.189000 
-0.121651 -0.974023 -0.191000 
-0.568055 0.800041 -0.193000 
0.958870 -0.206262 -0.195000 
-0.845999 -0.495456 -0.197000 
0.288971 0.936427 -0.199000 
0.419339 -0.885299 -0.201000 
-0.906784 0.369505 -0.203000 
0.917823 0.339963 -0.205000 
-0.446896 -0.870307 -0.207000 
-0.258111 0.943238 -0.209000 
0.827134 -0.520892 -0.211000 
-0.961325 -0.174602 -0.213000 
0.590605 0.777792 -0.215000 
0.089719 -0.972040 -0.217000 
-0.722462 0.655811 -0.219000 
0.975263 0.004488 -0.221000 
-0.715730 -0.661817 -0.223000 
0.080805 0.971002 -0.225000 
0.596074 -0.770173 -0.227000 
-0.959318 0.165131 -0.229000 
0.818492 0.526033 -0.231000 
-0.248212 -0.940267 -0.233000 
-0.451937 0.860539 -0.235000 
0.914090 -0.329045 -0.237000 
-0.895817 -0.374687 -0.239000 
0.407367 0.880892 -0.241000 
0.294549 -0.924225 -0.243000 
-0.841084 0.482237 -0.245000 
0.945470 0.212312 -0.247000 
-0.553413 -0.794816 -0.249000 
-0.128801 0.959380 -0.251000 
0.742657 -0.620042 -0.253000 
-0.965926 -0.044297 -0.255000 
0.681913 0.684796 -0.257000 
-0.040178 -0.965041 -0.259000 
-0.621940 0.738288 -0.261000 
0.956750 -0.124341 -0.263000 
-0.788993 -0.554315 -0.265000 
0.207179 0.941163 -0.267000 
0.482742 -0.833426 -0.269000 
-0.918354 0.288416 -0.271000 
0.871456 0.407475 -0.273000 
-0.367077 -0.888611 -0.275000 
-0.329425 0.902635 -0.277000 
0.852053 -0.442905 -0.279000 
-0.926879 -0.248865 -0.281000 
0.514990 0.809133 -0.283000 
0.166587 -0.943940 -0.285000 
-0.760015 0.583103 -0.287000 
0.953688 0.083416 -0.289000 
-0.646428 -0.705301 -0.291000 
0.000367 0.956112 -0.293000 
0.645194 -0.704769 -0.295000 
-0.951198 0.083750 -0.297000 
0.757431 0.580429 -0.299000 
-0.166455 -0.938984 -0.301000 
-0.511236 0.804256 -0.303000 
0.919633 -0.247486 -0.305000 
-0.844691 -0.438461 -0.307000 
0.326577 0.893234 -0.309000 
0.362359 -0.878621 -0.311000 
-0.860118 0.402776 -0.313000 
0.905650 0.283854 -0.315000 
-0.475839 -0.820419 -0.317000 
-0.203219 0.925711 -0.319000 
0.774631 -0.544890 -0.321000 
-0.938576 -0.121431 -0.323000 
0.609713 0.722928 -0.325000 
0.038767 -0.944229 -0.327000 
-0.665947 0.669532 -0.329000 
0.942607 -0.043952 -0.331000 
-0.724167 -0.603898 -0.333000 
0.125909 0.933768 -0.335000 
0.537541 -0.772969 -0.337000 
-0.917769 0.206831 -0.339000 
0.815796 0.467115 -0.341000 
-0.285745 -0.894819 -0.343000 
-0.393478 0.852144 -0.345000 
0.865022 -0.362392 -0.347000 
-0.881918 -0.316891 -0.349000 
0.435852 0.828753 -0.351000 
0.238285 -0.904772 -0.353000 
-0.786160 0.505893 -0.355000 
0.920657 0.157931 -0.357000 
-0.571676 -0.737771 -0.359000 
-0.076804 0.929398 -0.361000 
0.683773 -0.632998 -0.363000 
-0.930995 0.004820 -0.365000 
0.689128 0.624830 -0.367000 
-0.086133 -0.925430 -0.369000 
-0.561163 0.739902 -0.371000 
0.912801 -0.166331 -0.373000 
-0.784718 -0.493551 -0.375000 
0.245149 0.893181 -0.377000 
0.422238 -0.823452 -0.379000 
-0.866825 0.321641 -0.381000 
0.855652 0.348096 -0.383000 
-0.395557 -0.833852 -0.385000 
-0.271386 0.881238 -0.387000 
0.794676 -0.466014 -0.389000 
-0.899919 -0.193040 -0.391000 
0.532788 0.749458 -0.393000 
0.113331 -0.911664 -0.395000 
-0.698760 0.595085 -0.397000 
0.916349 0.033223 -0.399000 
-0.652714 -0.642778 -0.401000 
0.047010 0.913992 -0.403000 
0.582202 -0.704993 -0.405000 
-0.904616 0.126573 -0.407000 
0.751772 0.517259 -0.409000 
-0.204683 -0.888360 -0.411000 
-0.448746 0.792501 -0.413000 
0.865313 -0.281084 -0.415000 
-0.827073 -0.376910 -0.417000 
0.354857 0.835772 -0.419000 
0.302630 -0.855087 -0.421000 
-0.799871 0.425767 -0.423000 
0.876483 0.226168 -0.425000 
-0.492965 -0.758061 -0.427000 
-0.148454 0.891022 -0.429000 
0.710514 -0.556246 -0.431000 
-0.898691 -0.069758 -0.433000 
0.614855 0.657821 -0.435000 
-0.008968 -0.899417 -0.437000 
-0.600189 0.668620 -0.439000 
0.893236 -0.087457 -0.441000 
-0.716906 -0.538328 -0.443000 
0.164762 0.880243 -0.445000 
0.472472 -0.759580 -0.447000 
-0.860522 0.240627 -0.449000 
0.796144 0.403428 -0.451000 
-0.314301 -0.834270 -0.453000 
-0.331447 0.826509 -0.455000 
0.801794 -0.385069 -0.457000 
-0.850329 -0.257410 -0.459000 
0.452707 0.763240 -0.461000 
0.181579 -0.867560 -0.463000 
-0.719094 0.516409 -0.465000 
0.878016 0.104876 -0.467000 
-0.575983 -0.669539 -0.469000 
-0.027566 0.881702 -0.471000 
0.615192 -0.630722 -0.473000 
-0.878597 0.049413 -0.475000 
0.680469 0.556267 -0.477000 
-0.125805 -0.868753 -0.479000 
-0.493491 0.724642 -0.481000 
0.852312 -0.200685 -0.483000 
-0.763125 -0.427101 -0.485000 
0.273811 0.829372 -0.487000 
0.357914 -0.795472 -0.489000 
-0.800167 0.344458 -0.491000 
0.821615 0.286182 -0.493000 
-0.411942 -0.765035 -0.495000 
-0.212782 0.841258 -0.497000 
0.724133 -0.476056 -0.499000 
-0.854378 -0.137975 -0.501000 
0.536037 0.677979 -0.503000 
0.062670 -0.860841 -0.505000 
-0.626764 0.591708 -0.507000 
0.860670 -0.012873 -0.509000 
-0.642412 -0.571126 -0.511000 
0.087740 0.853893 -0.513000 
0.511288 -0.688012 -0.515000 
-0.840578 0.161679 -0.517000 
0.727974 0.447987 -0.519000 
-0.233800 -0.820912 -0.521000 
-0.381466 0.762204 -0.523000 
0.795008 -0.303870 -0.525000 
-0.790309 -0.312541 -0.527000 
0.371195 0.763134 -0.529000 
0.241466 -0.812239 -0.531000 
-0.725654 0.435129 -0.533000 
0.827754 0.169110 -0.535000 
-0.495479 -0.682738 -0.537000 
-0.095730 0.836848 -0.539000 
0.634930 -0.551528 -0.541000 
-0.839439 -0.022218 -0.543000 
0.603118 0.582429 -0.545000 
-0.051174 -0.835567 -0.547000 
-0.525892 0.649643 -0.549000 
0.825308 -0.123555 -0.551000 
-0.690985 -0.465544 -0.553000 
0.194688 0.808747 -0.555000 
0.402133 -0.726664 -0.557000 
-0.786113 0.263715 -0.559000 
0.756604 0.335900 -0.561000 
-0.330418 -0.757532 -0.563000 
-0.267662 0.780469 -0.565000 
0.723304 -0.394136 -0.567000 
-0.798227 -0.197670 -0.569000 
0.454261 0.683817 -0.571000 
0.126778 -0.809690 -0.573000 
-0.639253 0.510618 -0.575000 
0.814874 0.055241 -0.577000 
-0.562541 -0.590175 -0.579000 
0.016074 0.813745 -0.581000 
0.536792 -0.609889 -0.583000 
-0.806362 0.086920 -0.585000 
0.652111 0.479773 -0.587000 
-0.156443 -0.792846 -0.589000 
-0.419346 0.689106 -0.591000 
0.773298 -0.224413 -0.593000 
-0.720453 -0.356262 -0.595000 
0.290014 0.747986 -0.597000 
0.290762 -0.746094 -0.599000 
-0.717050 0.353040 -0.601000 
0.765748 0.223655 -0.603000 
-0.412741 -0.680896 -0.605000 
-0.155188 0.779402 -0.607000 
0.639698 -0.468941 -0.609000 
-0.786924 -0.086199 -0.611000 
0.521090 0.593883 -0.613000 
0.016933 -0.788345 -0.615000 
-0.543953 0.568706 -0.617000 
0.783683 -0.051768 -0.619000 
-0.611668 -0.490123 -0.621000 
0.119670 0.773014 -0.623000 
0.433069 -0.649481 -0.625000 
-0.756500 0.185952 -0.627000 
0.682065 0.373023 -0.629000 
-0.250400 -0.734261 -0.631000 
-0.310730 0.709054 -0.633000 
0.706598 -0.312241 -0.635000 
-0.730412 -0.246433 -0.637000 
0.371287 0.673666 -0.639000 
0.180924 -0.745912 -0.641000 
-0.635896 0.426835 -0.643000 
0.755564 0.114447 -0.645000 
-0.478728 -0.593473 -0.647000 
-0.047817 0.759284 -0.649000 
0.546841 -0.526464 -0.651000 
-0.757126 0.018732 -0.653000 
0.569606 0.496512 -0.655000 
-0.084388 -0.749153 -0.657000 
-0.442705 0.608055 -0.659000 
0.735458 -0.148932 -0.661000 
-0.641373 -0.386098 -0.663000 
0.211584 0.716245 -0.665000 
0.327051 -0.669439 -0.667000 
-0.691700 0.272012 -0.669000 
0.692183 0.265785 -0.671000 
-0.330016 -0.661937 -0.673000 
-0.203322 0.709250 -0.675000 
0.627470 -0.384646 -0.677000 
-0.720683 -0.139908 -0.679000 
0.435769 0.588510 -0.681000 
0.076052 -0.726448 -0.683000 
-0.545408 0.483017 -0.685000 
0.726559 0.011982 -0.687000 
-0.526246 -0.498341 -0.689000 
0.051241 0.721036 -0.691000 
0.448106 -0.564758 -0.693000 
-0.710010 0.113404 -0.695000 
0.598505 0.394947 -0.697000 
-0.174026 -0.693624 -0.699000 
-0.339073 0.627398 -0.701000 
0.671972 -0.232904 -0.703000 
-0.650982 -0.281421 -0.705000 
0.289069 0.645438 -0.707000 
0.222238 -0.669275 -0.709000 
-0.614216 0.342370 -0.711000 
0.682190 0.162010 -0.713000 
-0.392416 -0.578606 -0.715000 
-0.100960 0.689723 -0.717000 
0.538769 -0.439053 -0.719000 
-0.691774 -0.040104 -0.721000 
0.481523 0.495385 -0.723000 
-0.020335 -0.688449 -0.725000 
-0.448692 0.519756 -0.727000 
0.679837 -0.079882 -0.729000 
-0.553650 -0.398886 -0.731000 
0.138330 0.666015 -0.733000 
0.346810 -0.582664 -0.735000 
-0.647239 0.194713 -0.737000 
0.606795 0.292709 -0.739000 
-0.248863 -0.623688 -0.741000 
-0.237039 0.625910 -0.743000 
0.595608 -0.300377 -0.745000 
-0.639988 -0.180018 -0.747000 
0.349090 0.563147 -0.749000 
0.122604 -0.648820 -0.751000 
-0.526869 0.394208 -0.753000 
0.652493 0.065023 -0.755000 
-0.435641 -0.486999 -0.757000 
-0.007740 0.651045 -0.759000 
0.443905 -0.473104 -0.761000 
-0.644536 0.049035 -0.763000 
0.506501 0.397784 -0.765000 
-0.104360 -0.633103 -0.767000 
-0.349420 0.535299 -0.769000 
0.616910 -0.158053 -0.771000 
-0.559496 -0.299057 -0.773000 
0.209704 0.596154 -0.775000 
0.246908 -0.579057 -0.777000 
-0.570968 0.259142 -0.779000 
0.593682 0.193856 -0.781000 
-0.305555 -0.541800 -0.783000 
-0.140133 0.603438 -0.785000 
0.508867 -0.348835 -0.787000 
-0.608318 -0.086186 -0.789000 
0.388676 0.472493 -0.791000 
0.032226 -0.608369 -0.793000 
-0.432867 0.424972 -0.795000 
0.603620 -0.020842 -0.797000 
-0.457136 -0.390673 -0.799000 
0.072827 0.594218 -0.801000 
0.346153 -0.485149 -0.803000 
-0.580317 0.123319 -0.805000 
0.508961 0.299515 -0.807000 
-0.172141 -0.562038 -0.809000 
-0.251558 0.528202 -0.811000 
0.539719 -0.218483 -0.813000 
-0.542919 -0.202520 -0.815000 
0.262221 0.513567 -0.817000 
0.152826 -0.553067 -0.819000 
-0.483868 0.303037 -0.821000 
0.558682 0.102689 -0.823000 
-0.340813 -0.450801 -0.825000 
-0.052959 0.559702 -0.827000 
0.414952 -0.374932 -0.829000 
-0.556259 -0.003840 -0.831000 
0.405358 0.376558 -0.833000 
-0.044266 -0.548467 -0.835000 
-0.335994 0.431901 -0.837000 
0.536438 -0.091175 -0.839000 
-0.454525 -0.293473 -0.841000 
0.136098 0.520412 -0.843000 
0.249733 -0.472873 -0.845000 
-0.500587 0.178896 -0.847000 
0.487000 0.205012 -0.849000 
-0.219244 -0.477212 -0.851000 
-0.159527 0.496933 -0.853000 
0.450465 -0.257014 -0.855000 
-0.502534 -0.114063 -0.857000 
0.291581 0.420832 -0.859000 
0.068835 -0.503925 -0.861000 
-0.388554 0.322888 -0.863000 
0.501186 0.024236 -0.865000 
-0.350732 -0.353975 -0.867000 
0.019540 0.494426 -0.869000 
0.317312 -0.375063 -0.871000 
-0.483796 0.061744 -0.873000 
0.395491 0.279217 -0.875000 
-0.102218 -0.469492 -0.877000 
-0.239940 0.412053 -0.879000 
0.451731 -0.140634 -0.881000 
-0.424692 -0.199869 -0.883000 
0.176853 0.430695 -0.885000 
0.159228 -0.433448 -0.887000 
-0.406780 0.210260 -0.889000 
0.438201 0.118738 -0.891000 
-0.240779 -0.380232 -0.893000 
-0.078619 0.439083 -0.895000 
0.351373 -0.268194 -0.897000 
-0.436201 -0.039081 -0.899000 
0.292443 0.320431 -0.901000 
0.000824 -0.429640 -0.903000 
-0.287978 0.313119 -0.905000 
0.419592 -0.035971 -0.907000 
-0.330245 -0.254279 -0.909000 
0.070973 0.406253 -0.911000 
0.219709 -0.343742 -0.913000 
-0.389813 0.104023 -0.915000 
0.353644 0.184517 -0.917000 
-0.134528 -0.370596 -0.919000 
-0.149355 0.359794 -0.921000 
0.348858 -0.162386 -0.923000 
-0.362313 -0.114474 -0.925000 
0.187365 0.324908 -0.927000 
0.080115 -0.361304 -0.929000 
-0.298997 0.209379 -0.931000 
0.356803 0.046928 -0.933000 
-0.228021 -0.271627 -0.935000 
-0.015133 0.349001 -0.937000 
0.243093 -0.243279 -0.939000 
-0.338078 0.014920 -0.941000 
0.255052 0.213774 -0.943000 
-0.043023 -0.324228 -0.945000 
-0.183960 0.263343 -0.947000 
0.307721 -0.068605 -0.949000 
-0.267965 -0.154253 -0.951000 
0.091499 0.288823 -0.953000 
0.124961 -0.268997 -0.955000 
-0.267836 0.111423 -0.957000 
0.266471 0.096499 -0.959000 
-0.128208 -0.245034 -0.961000 
-0.069186 0.260469 -0.963000 
0.220861 -0.141406 -0.965000 
-0.251009 -0.043653 -0.967000 
0.150877 0.195641 -0.969000 
0.020238 -0.238221 -0.971000 
-0.169761 0.156371 -0.973000 
0.222204 -0.000682 -0.975000 
-0.157670 -0.143566 -0.977000 
0.018425 0.203026 -0.979000 
0.117592 -0.154308 -0.981000 
-0.180706 0.032499 -0.983000 
0.145854 0.092204 -0.985000 
-0.042153 -0.155094 -0.987000 
-0.067818 0.131452 -0.989000 
0.125599 -0.046303 -0.991000 
-0.109313 -0.044740 -0.993000 
0.042598 0.090335 -0.995000 
0.022951 -0.073921 -0.997000 
-0.038619 0.022528 -0.999000 
